0.205630, 0.206979, 0.207513, 0.206899, 0.205193, 0.202921, 0.201487, 0.202470, 0.205013, 0.205750, 0.203066, 0.198982, 0.196247, 0.195475, 0.195645, 0.195564, 0.194335, 0.191458, 0.187061, 0.182677, 0.180779, 0.181931, 0.183141, 0.181193, 0.176177, 0.170828, 0.167405, 0.166097, 0.165757, 0.165114, 0.163157, 0.159463, 0.154805, 0.151273, 0.150729, 0.152260, 0.152707, 0.150316, 0.146059, 0.141982, 0.139396, 0.138507, 0.138770, 0.139104, 0.138427, 0.136388, 0.133694, 0.131996, 0.132463, 0.134280, 0.135575, 0.135192, 0.133370, 0.131134, 0.129487, 0.129114, 0.130200, 0.132250, 0.134282, 0.135371, 0.135571, 0.135765, 0.136821, 0.138958, 0.141597, 0.143869, 0.145234, 0.145720, 0.145903, 0.146634, 0.148745, 0.152494, 0.157265, 0.162023, 0.165856, 0.168561, 0.170651, 0.172797, 0.175542, 0.178961, 0.182547, 0.185493, 0.187519, 0.189319, 0.191900, 0.195858, 0.201077, 0.206752, 0.211878, 0.215484, 0.217175, 0.217670, 0.218499, 0.220618, 0.223428, 0.225750, 0.227065, 0.227852, 0.229059, 0.231140, 0.234040, 0.237394, 0.240492, 0.242077, 0.241096, 0.238346, 0.236089, 0.235367, 0.235016, 0.233959, 0.232413, 0.230812, 0.229419, 0.228462, 0.227946, 0.227776, 0.227597, 0.226099, 0.222166, 0.216846, 0.212069, 0.208094, 0.204143, 0.200113, 0.196324, 0.192807, 0.189663, 0.186746, 0.183954, 0.181780, 0.179992, 0.177225, 0.172681, 0.167139, 0.161560, 0.156188, 0.151197, 0.146829, 0.143202, 0.140278, 0.137825, 0.135396, 0.133052, 0.131457, 0.130583, 0.129422, 0.127126, 0.123926, 0.120233, 0.116474, 0.113204, 0.110951, 0.110007, 0.110136, 0.110702, 0.110983, 0.111034, 0.111503, 0.112844, 0.114646, 0.116178, 0.116932, 0.116738, 0.115844, 0.114894, 0.114983, 0.117034, 0.121022, 0.125749, 0.129813, 0.132612, 0.134620, 0.136916, 0.140300, 0.144777, 0.149404, 0.152796, 0.154106, 0.153985, 0.154389, 0.157371, 0.163511, 0.171296, 0.178152, 0.182224, 0.183708, 0.184369, 0.186666, 0.191707, 0.197936, 0.202289, 0.203097, 0.201598, 0.200812, 0.203344, 0.209413, 0.216826, 0.222481, 0.224215, 0.222407, 0.220241, 0.221213, 0.225385, 0.229389, 0.230210, 0.227645, 0.224127, 0.222488, 0.223983, 0.227602, 0.231073, 0.232132, 0.229723, 0.225230, 0.221726, 0.221236, 0.222129, 0.221485, 0.218292, 0.213972, 0.210224, 0.207904, 0.206986, 0.206832, 0.206337, 0.204446, 0.200809, 0.196263, 0.192468, 0.190021, 0.187895, 0.185030, 0.181690, 0.178522, 0.175857, 0.173695, 0.171961, 0.170389, 0.168914, 0.167267, 0.165080, 0.162475, 0.160136, 0.158187, 0.156324, 0.154515, 0.153106, 0.152082, 0.151343, 0.150892, 0.150668, 0.150355, 0.149928, 0.149514, 0.149102, 0.148624, 0.148256, 0.147956, 0.147710, 0.147718, 0.147929, 0.147830, 0.147653, 0.148161, 0.149356, 0.150395, 0.151020, 0.151427, 0.151804, 0.152311, 0.153153, 0.154390, 0.156230, 0.158107, 0.158620, 0.157786, 0.157921, 0.160380, 0.163676, 0.165938, 0.166955, 0.167450, 0.168248, 0.170034, 0.173204, 0.177591, 0.181660, 0.182956, 0.181233, 0.180094, 0.183065, 0.188659, 0.192767, 0.193697, 0.192777, 0.191989, 0.192898, 0.196200, 0.201499, 0.206788, 0.208926, 0.206298, 0.202123, 0.201966, 0.206845, 0.212089, 0.213837, 0.212003, 0.208710, 0.206371, 0.206596, 0.209605, 0.214170, 0.217796, 0.217466, 0.212842, 0.207804, 0.207025, 0.210171, 0.213297, 0.213792, 0.211801, 0.208719, 0.206116, 0.205313, 0.206971, 0.210594, 0.213977, 0.214442, 0.211311, 0.207115, 0.205200, 0.206353, 0.208803, 0.210850, 0.211861, 0.211960, 0.211596, 0.211565, 0.212852, 0.216085, 0.220067, 0.222281, 0.221635, 0.219689, 0.218745, 0.219569, 0.221809, 0.224723, 0.227566, 0.229814, 0.231341, 0.232445, 0.233886, 0.236145, 0.238146, 0.238555, 0.237559, 0.236421, 0.235888, 0.236034, 0.236713, 0.237736, 0.238955, 0.240137, 0.241007, 0.241498, 0.241590, 0.240730, 0.238825, 0.236480, 0.234017, 0.231497, 0.229112, 0.227247, 0.225955, 0.225174, 0.224707, 0.224342, 0.223809, 0.222820, 0.221350, 0.219511, 0.216975, 0.213156, 0.208856, 0.205707, 0.203918, 0.202574, 0.201067, 0.199556, 0.198418, 0.197950, 0.198295, 0.199313, 0.200057, 0.198673, 0.194715, 0.190528, 0.188843, 0.189236, 0.189273, 0.187905, 0.185830, 0.184189, 0.183902, 0.185414, 0.188518, 0.191924, 0.193122, 0.190320, 0.185556, 0.183182, 0.184453, 0.186881, 0.188145, 0.187824, 0.186523, 0.185306, 0.185466, 0.187897, 0.192817, 0.198590, 0.201633, 0.199801, 0.195237, 0.192621, 0.194165, 0.198416, 0.203200, 0.207067, 0.209353, 0.210057, 0.210045, 0.211496, 0.216811, 0.225080, 0.231469, 0.232376, 0.229181, 0.226432, 0.227528, 0.232531, 0.239552, 0.246293, 0.250892, 0.252533, 0.252132, 0.253094, 0.258730, 0.266974, 0.271796, 0.270574, 0.266650, 0.264956, 0.267208, 0.272127, 0.277361, 0.280825, 0.281674, 0.280770, 0.280667, 0.283561, 0.287860, 0.289135, 0.285717, 0.280799, 0.278211, 0.278269, 0.278993, 0.278783, 0.277329, 0.275386, 0.273897, 0.273363, 0.273211, 0.271640, 0.267368, 0.261749, 0.257155, 0.253881, 0.250499, 0.246315, 0.241842, 0.237964, 0.235215, 0.233305, 0.231295, 0.228222, 0.223648, 0.218373, 0.213898, 0.210423, 0.206602, 0.201556, 0.196044, 0.191521, 0.188620, 0.186978, 0.185771, 0.184096, 0.181304, 0.177472, 0.173782, 0.171669, 0.170920, 0.169662, 0.166702, 0.162783, 0.159651, 0.158486, 0.159230, 0.160917, 0.162375, 0.162609, 0.161233, 0.159070, 0.158151, 0.159918, 0.163045, 0.164662, 0.163716, 0.161857, 0.161392, 0.163494, 0.167823, 0.172912, 0.176931, 0.178548, 0.177688, 0.176524, 0.178539, 0.184461, 0.190564, 0.192940, 0.191600, 0.190082, 0.191799, 0.197238, 0.204402, 0.210645, 0.213927, 0.213629, 0.211673, 0.212583, 0.219083, 0.227439, 0.231390, 0.229334, 0.225701, 0.226130, 0.231600, 0.238751, 0.243936, 0.245515, 0.244000, 0.241779, 0.242258, 0.247323, 0.254037, 0.256545, 0.252699, 0.247274, 0.246881, 0.251789, 0.256834, 0.258340, 0.256357, 0.252934, 0.250465, 0.250484, 0.252837, 0.255564, 0.255640, 0.251522, 0.245932, 0.243984, 0.246903, 0.250332, 0.250196, 0.246657, 0.242490, 0.239787, 0.239076, 0.239900, 0.241152, 0.241327, 0.239216, 0.235330, 0.232431, 0.233130, 0.236353, 0.238305, 0.236978, 0.233893, 0.231663, 0.231432, 0.232882, 0.235120, 0.237045, 0.237714, 0.236738, 0.235069, 0.235202, 0.238404, 0.242137, 0.242991, 0.240872, 0.238678, 0.238814, 0.241261, 0.244499, 0.246899, 0.247573, 0.246656, 0.245355, 0.245787, 0.248928, 0.252304, 0.252093, 0.247960, 0.243868, 0.243600, 0.246554, 0.249327, 0.249511, 0.247072, 0.243799, 0.242125, 0.243489, 0.246442, 0.247084, 0.242889, 0.235898, 0.231291, 0.231785, 0.234626, 0.235284, 0.231923, 0.226406, 0.222300, 0.222038, 0.224741, 0.226734, 0.224402, 0.217474, 0.210001, 0.206891, 0.208399, 0.210399, 0.209320, 0.204742, 0.198939, 0.195268, 0.195840, 0.199363, 0.201925, 0.200141, 0.193977, 0.187060, 0.183748, 0.184745, 0.187108, 0.187748, 0.185670, 0.181863, 0.178493, 0.177764, 0.180471, 0.184928, 0.187609, 0.186061, 0.181372, 0.177309, 0.176581, 0.178846, 0.182106, 0.184642, 0.185695, 0.185575, 0.185465, 0.187087, 0.191533, 0.197488, 0.201555, 0.201776, 0.199774, 0.199019, 0.201302, 0.205750, 0.210702, 0.215111, 0.218623, 0.221461, 0.224544, 0.229412, 0.236391, 0.242691, 0.245165, 0.244544, 0.244790, 0.248057, 0.252809, 0.256964, 0.260124, 0.262961, 0.266432, 0.271146, 0.277017, 0.283012, 0.286989, 0.287349, 0.286210, 0.287653, 0.291345, 0.293116, 0.291651, 0.289885, 0.290683, 0.294037, 0.297982, 0.300530, 0.300801, 0.299401, 0.297951, 0.298241, 0.299901, 0.299413, 0.294168, 0.286626, 0.282421, 0.283787, 0.287171, 0.287849, 0.284373, 0.278769, 0.274260, 0.272843, 0.274054, 0.274924, 0.271767, 0.263617, 0.253792, 0.247520, 0.247263, 0.250478, 0.252397, 0.250004, 0.243796, 0.236949, 0.232802, 0.232570, 0.234532, 0.235248, 0.232012, 0.224812, 0.216761, 0.212053, 0.212542, 0.216451, 0.220148, 0.220654, 0.217196, 0.211572, 0.207196, 0.206606, 0.209289, 0.212153, 0.212154, 0.208595, 0.203491, 0.200162, 0.200939, 0.205369, 0.210467, 0.212944, 0.211366, 0.207079, 0.203488, 0.203598, 0.206953, 0.210050, 0.210123, 0.207445, 0.204546, 0.204023, 0.206726, 0.211211, 0.214873, 0.215658, 0.213627, 0.211313, 0.211607, 0.214382, 0.216714, 0.216581, 0.214935, 0.214208, 0.215632, 0.218485, 0.221428, 0.223622, 0.224861, 0.225550, 0.226602, 0.228593, 0.230549, 0.230925, 0.230107, 0.230171, 0.231864, 0.233738, 0.234691, 0.235335, 0.236512, 0.238194, 0.239923, 0.241255, 0.241823, 0.241565, 0.240814, 0.240438, 0.241143, 0.241890, 0.240935, 0.238834, 0.238060, 0.239349, 0.240913, 0.241107, 0.239860, 0.237984, 0.236353, 0.235554, 0.235698, 0.236382, 0.236382, 0.234325, 0.230634, 0.228160, 0.229295, 0.232664, 0.234743, 0.233895, 0.231211, 0.228547, 0.227272, 0.228108, 0.230897, 0.234319, 0.236177, 0.234650, 0.230493, 0.227657, 0.229829, 0.235885, 0.241280, 0.242925, 0.241072, 0.237978, 0.236185, 0.237475, 0.242164, 0.248699, 0.253493, 0.252850, 0.247018, 0.241712, 0.242932, 0.249854, 0.256399, 0.258203, 0.255185, 0.250216, 0.246860, 0.247438, 0.251878, 0.257390, 0.259383, 0.254884, 0.246314, 0.240836, 0.242871, 0.248292, 0.250249, 0.246535, 0.239822, 0.233967, 0.231305, 0.231891, 0.233675, 0.233475, 0.228919, 0.220733, 0.213404, 0.211107, 0.212395, 0.212255, 0.208132, 0.201591, 0.195704, 0.192097, 0.190477, 0.189458, 0.187530, 0.183618, 0.177748, 0.171722, 0.167914, 0.166310, 0.164664, 0.161503, 0.157405, 0.153807, 0.151478, 0.150218, 0.149370, 0.148276, 0.146523, 0.144049, 0.141338, 0.139181, 0.137855, 0.136870, 0.135743, 0.134720, 0.134418, 0.135020, 0.136234, 0.137724, 0.139202, 0.140491, 0.141558, 0.142493, 0.143413, 0.144397, 0.145392, 0.146549, 0.148321, 0.151086, 0.154703, 0.158660, 0.162599, 0.166414, 0.170244, 0.174182, 0.178036, 0.181438, 0.184052, 0.185921, 0.187919, 0.191166, 0.195911, 0.201271, 0.206195, 0.210275, 0.213970, 0.218255, 0.223594, 0.229268, 0.233470, 0.234896, 0.234271, 0.234269, 0.237270, 0.242905, 0.248420, 0.251424, 0.251890, 0.252049, 0.254385, 0.259508, 0.265538, 0.268910, 0.267067, 0.261244, 0.256609, 0.257636, 0.263177, 0.268157, 0.268715, 0.264855, 0.259963, 0.258042, 0.260500, 0.265114, 0.267685, 0.264873, 0.256693, 0.247413, 0.242722, 0.244543, 0.249144, 0.251111, 0.248102, 0.241843, 0.235834, 0.232763, 0.233001, 0.234726, 0.234950, 0.231184, 0.223535, 0.215077, 0.209996, 0.209977, 0.212890, 0.215142, 0.214564, 0.211175, 0.206689, 0.202930, 0.201031, 0.200970, 0.201590, 0.200929, 0.197714, 0.192824, 0.188998, 0.188364, 0.190658, 0.193881, 0.195969, 0.196105, 0.194470, 0.191953, 0.189825, 0.189073, 0.189555, 0.189929, 0.189043, 0.187108, 0.185742, 0.186251, 0.188428, 0.190928, 0.192820, 0.193725, 0.193595, 0.192739, 0.191780, 0.191275, 0.191104, 0.190702, 0.190090, 0.190069, 0.191087, 0.192916, 0.195190, 0.197655, 0.200110, 0.202298, 0.204117, 0.205416, 0.206193, 0.206710, 0.207072, 0.207558, 0.208460, 0.209856, 0.211899, 0.214602, 0.217563, 0.220383, 0.223073, 0.225722, 0.228276, 0.230415, 0.231641, 0.231834, 0.231301, 0.230845, 0.231350, 0.233057, 0.235244, 0.236659, 0.236895, 0.236861, 0.237728, 0.239720, 0.241798, 0.242628, 0.241373, 0.238245, 0.234771, 0.233128, 0.234311, 0.236755, 0.237935, 0.236646, 0.233752, 0.231341, 0.230867, 0.232314, 0.234423, 0.235316, 0.233588, 0.229280, 0.224400, 0.221899, 0.223490, 0.227795, 0.231415, 0.232008, 0.229738, 0.226486, 0.224237, 0.224393, 0.227164, 0.231192, 0.233968, 0.233267, 0.229334, 0.225371, 0.225255, 0.229767, 0.235938, 0.240264, 0.241044, 0.238765, 0.235447, 0.233478, 0.234710, 0.239265, 0.244566, 0.246573, 0.243519, 0.238453, 0.236540, 0.239466, 0.244265, 0.247262, 0.246953, 0.243840, 0.239522, 0.236264, 0.235935, 0.238472, 0.241041, 0.239987, 0.234855, 0.229565, 0.227982, 0.229129, 0.229494, 0.227540, 0.223848, 0.219337, 0.215013, 0.211772, 0.210038, 0.209206, 0.207365, 0.203269, 0.198559, 0.195623, 0.194072, 0.191988, 0.188915, 0.185506, 0.182159, 0.178996, 0.176119, 0.173554, 0.171432, 0.169647, 0.167637, 0.165433, 0.163700, 0.162319, 0.160668, 0.158922, 0.157390, 0.155899, 0.154487, 0.153471, 0.152764, 0.152103, 0.151571, 0.151313, 0.151223, 0.151228, 0.151325, 0.151408, 0.151507, 0.151579, 0.151196, 0.150522, 0.150615, 0.151897, 0.153649, 0.155196, 0.156415, 0.157453, 0.158555, 0.159982, 0.161929, 0.164451, 0.167181, 0.169149, 0.169698, 0.169615, 0.170815, 0.174425, 0.179678, 0.184833, 0.188563, 0.190622, 0.191618, 0.192717, 0.195440, 0.200514, 0.206498, 0.210631, 0.211334, 0.209884, 0.209733, 0.213659, 0.221163, 0.229029, 0.233865, 0.234244, 0.231538, 0.229236, 0.230845, 0.236913, 0.244014, 0.247444, 0.245306, 0.240266, 0.237509, 0.240411, 0.247628, 0.254273, 0.255859, 0.251324, 0.243842, 0.238869, 0.239679, 0.244394, 0.248062, 0.247120, 0.241653, 0.235002, 0.231453, 0.232787, 0.236550, 0.238289, 0.235115, 0.227496, 0.218995, 0.213722, 0.212841, 0.213929, 0.213790, 0.210932, 0.205947, 0.200709, 0.197078, 0.195725, 0.195652, 0.194673, 0.190976, 0.184810, 0.178402, 0.173924, 0.171885, 0.171390, 0.171175, 0.170345, 0.168691, 0.166501, 0.164241, 0.162418, 0.161246, 0.160152, 0.158207, 0.155283, 0.152337, 0.150457, 0.149928, 0.150402, 0.151446, 0.152720, 0.153851, 0.154509, 0.154584, 0.154238, 0.153758, 0.153216, 0.152431, 0.151592, 0.151278, 0.151698, 0.152770, 0.154580, 0.157144, 0.159992, 0.162868, 0.165747, 0.168282, 0.170231, 0.171706, 0.172807, 0.173714, 0.174722, 0.175955, 0.177774, 0.180759, 0.184674, 0.188420, 0.191642, 0.195301, 0.200070, 0.205107, 0.209167, 0.211782, 0.213086, 0.213537, 0.214125, 0.216126, 0.219883, 0.223855, 0.225974, 0.226154, 0.226884, 0.230559, 0.236512, 0.241745, 0.243929, 0.242757, 0.239784, 0.237538, 0.238056, 0.241265, 0.244703, 0.245372, 0.242470, 0.238663, 0.237874, 0.241351, 0.246471, 0.249465, 0.248127, 0.242936, 0.236615, 0.232637, 0.232835, 0.235947, 0.238694, 0.238394, 0.234794, 0.230083, 0.227391, 0.228424, 0.231926, 0.234768, 0.234474, 0.230572, 0.224723, 0.219938, 0.218737, 0.221325, 0.225523, 0.228532, 0.228765, 0.226495, 0.223546, 0.222150, 0.223502, 0.226727, 0.229348, 0.229318, 0.226764, 0.223698, 0.222516, 0.224367, 0.228472, 0.232709, 0.235062, 0.234766, 0.232579, 0.230421, 0.230249, 0.232239, 0.234438, 0.234723, 0.232885, 0.230707, 0.229994, 0.231032, 0.232869, 0.234375, 0.234662, 0.233250, 0.230557, 0.227976, 0.226703, 0.226355, 0.225379, 0.223155, 0.220688, 0.218973, 0.217900, 0.217072, 0.216251, 0.215186, 0.213763, 0.211956, 0.209625, 0.207248, 0.205329, 0.203517, 0.201575, 0.199934, 0.198684, 0.197552, 0.196756, 0.196354, 0.195828, 0.195165, 0.194878, 0.194790, 0.194276, 0.193370, 0.192453, 0.191680, 0.191147, 0.190885, 0.191039, 0.191828, 0.192732, 0.192538, 0.191358, 0.190956, 0.192166, 0.193698, 0.194280, 0.193850, 0.192824, 0.191724, 0.191178, 0.191679, 0.193453, 0.195946, 0.197273, 0.195991, 0.193434, 0.192612, 0.194591, 0.197741, 0.200239, 0.201333, 0.201039, 0.199930, 0.199010, 0.199696, 0.203208, 0.208840, 0.213413, 0.214110, 0.211474, 0.209057, 0.210052, 0.214619, 0.220721, 0.226136, 0.229372, 0.229770, 0.227932, 0.226332, 0.228703, 0.236208, 0.244616, 0.248372, 0.246214, 0.241902, 0.240331, 0.243605, 0.250372, 0.257474, 0.261729, 0.261448, 0.257367, 0.253183, 0.253999, 0.260746, 0.267729, 0.268847, 0.263858, 0.257807, 0.255696, 0.258263, 0.262750, 0.265749, 0.265096, 0.260605, 0.254530, 0.250808, 0.251574, 0.254160, 0.253825, 0.248866, 0.242044, 0.237428, 0.236282, 0.236667, 0.236102, 0.233376, 0.228577, 0.222818, 0.217698, 0.214282, 0.211968, 0.208900, 0.204042, 0.198432, 0.193852, 0.190871, 0.188730, 0.186494, 0.183605, 0.179970, 0.175892, 0.171755, 0.167797, 0.164048, 0.160317, 0.156552, 0.153104, 0.150429, 0.148550, 0.147201, 0.146117, 0.145119, 0.144083, 0.142921, 0.141511, 0.139818, 0.137961, 0.136192, 0.134876, 0.134314, 0.134492, 0.135182, 0.136236, 0.137728, 0.139777, 0.142322, 0.144909, 0.146950, 0.148126, 0.148598, 0.149086, 0.150530, 0.153204, 0.156413, 0.159245, 0.161595, 0.164334, 0.168481, 0.174180, 0.180392, 0.185604, 0.188598, 0.189404, 0.189925, 0.192608, 0.197831, 0.203426, 0.206875, 0.207761, 0.208316, 0.211615, 0.218528, 0.226936, 0.233579, 0.236134, 0.234580, 0.231982, 0.232866, 0.238779, 0.245961, 0.249146, 0.246840, 0.242502, 0.241508, 0.246319, 0.254584, 0.261425, 0.263011, 0.258845, 0.252125, 0.248124, 0.250301, 0.256526, 0.260861, 0.259203, 0.252623, 0.246429, 0.245542, 0.250080, 0.255933, 0.258754, 0.256504, 0.249890, 0.242149, 0.237662, 0.238550, 0.242514, 0.245051, 0.243398, 0.238419, 0.233703, 0.232538, 0.235077, 0.238699, 0.240545, 0.239157, 0.234783, 0.229337, 0.225632, 0.225649, 0.228837, 0.232342, 0.233540, 0.232339, 0.230818, 0.230925, 0.232868, 0.235456, 0.237089, 0.236752, 0.234641, 0.232024, 0.230696, 0.231773, 0.234621, 0.237313, 0.238549, 0.238818, 0.239424, 0.240769, 0.242036, 0.242320, 0.241342, 0.239481, 0.237510, 0.236246, 0.235976, 0.236133, 0.236068, 0.235954, 0.236321, 0.237161, 0.237708, 0.237203, 0.235734, 0.233935, 0.232134, 0.230273, 0.228174, 0.225805, 0.223692, 0.222747, 0.223228, 0.224116, 0.223982, 0.222648, 0.221476, 0.221569, 0.222412, 0.222488, 0.220802, 0.217490, 0.214184, 0.213076, 0.214735, 0.217213, 0.217876, 0.215860, 0.213200, 0.212994, 0.215852, 0.219371, 0.220771, 0.218956, 0.214948, 0.211306, 0.210724, 0.213905, 0.218406, 0.220414, 0.218135, 0.213848, 0.211812, 0.214095, 0.219008, 0.223258, 0.224460, 0.222071, 0.217595, 0.214091, 0.214533, 0.219625, 0.226516, 0.230593, 0.229521, 0.225311, 0.222582, 0.224333, 0.229821, 0.236204, 0.240780, 0.241944, 0.239638, 0.235985, 0.235153, 0.240292, 0.249648, 0.257470, 0.259539, 0.256866, 0.254208, 0.255441, 0.260810, 0.267951, 0.273985, 0.276790, 0.275805, 0.273046, 0.272933, 0.278883, 0.288016, 0.293254, 0.291949, 0.288405, 0.288138, 0.291815, 0.296519, 0.299778, 0.300538, 0.299240, 0.297523, 0.297381, 0.300125, 0.303951, 0.304538, 0.300655, 0.296730, 0.297034, 0.299319, 0.299092, 0.295999, 0.292613, 0.290442, 0.289177, 0.287998, 0.286188, 0.283155, 0.278911, 0.274490, 0.271739, 0.270640, 0.268425, 0.263247, 0.257348, 0.254172, 0.253291, 0.251614, 0.247733, 0.242627, 0.237573, 0.233439, 0.230505, 0.228375, 0.225900, 0.221751, 0.215817, 0.210454, 0.208492, 0.209488, 0.210040, 0.207635, 0.202772, 0.197743, 0.194518, 0.193549, 0.193971, 0.194337, 0.193135, 0.189653, 0.184983, 0.182118, 0.183478, 0.187835, 0.191268, 0.191073, 0.187771, 0.183978, 0.182289, 0.183754, 0.187503, 0.191154, 0.192404, 0.190435, 0.186998, 0.185937, 0.190106, 0.197458, 0.202877, 0.203284, 0.199972, 0.196779, 0.197088, 0.201481, 0.207628, 0.211990, 0.212225, 0.209122, 0.206976, 0.210262, 0.218561, 0.226266, 0.228606, 0.225537, 0.221540, 0.221392, 0.226054, 0.232284, 0.236096, 0.235520, 0.232206, 0.230637, 0.234539, 0.242370, 0.248572, 0.249255, 0.245608, 0.242259, 0.242659, 0.246333, 0.249918, 0.250417, 0.247487, 0.244052, 0.243865, 0.247886, 0.253052, 0.255411, 0.253702, 0.250157, 0.247952, 0.248132, 0.249325, 0.249399, 0.247178, 0.243382, 0.240376, 0.240534, 0.243780, 0.247189, 0.247745, 0.245401, 0.242587, 0.241321, 0.241484, 0.241926, 0.241495, 0.239608, 0.236739, 0.234511, 0.234868, 0.238399, 0.242993, 0.245294, 0.244261, 0.242195, 0.241806, 0.243340, 0.245265, 0.246301, 0.245878, 0.244418, 0.243074, 0.243664, 0.247737, 0.254079, 0.258368, 0.257830, 0.254880, 0.254179, 0.256972, 0.260515, 0.261957, 0.260578, 0.257512, 0.254969, 0.255175, 0.259270, 0.265616, 0.269323, 0.266678, 0.260390, 0.257773, 0.261457, 0.265879, 0.265672, 0.260564, 0.253718, 0.248807, 0.248247, 0.251732, 0.256096, 0.256719, 0.251285, 0.242953, 0.238949, 0.241948, 0.245853, 0.244121, 0.236402, 0.227110, 0.220746, 0.219158, 0.221035, 0.223223, 0.222325, 0.216759, 0.208728, 0.203638, 0.204246, 0.206857, 0.206062, 0.200303, 0.192017, 0.184938, 0.181571, 0.181930, 0.183955, 0.184892, 0.182798, 0.177774, 0.172579, 0.170455, 0.171617, 0.173133, 0.172326, 0.168866, 0.164335, 0.160828, 0.159875, 0.161781, 0.165258, 0.168023, 0.168412, 0.166875, 0.165499, 0.166055, 0.168365, 0.170926, 0.172495, 0.172807, 0.172608, 0.173224, 0.175819, 0.180470, 0.185783, 0.189887, 0.192262, 0.194190, 0.197118, 0.200997, 0.204884, 0.208197, 0.210864, 0.213298, 0.216231, 0.220428, 0.225834, 0.231223, 0.235323, 0.238573, 0.242576, 0.247397, 0.251554, 0.254374, 0.256645, 0.259029, 0.261805, 0.265003, 0.268288, 0.271261, 0.273572, 0.275484, 0.278254, 0.282289, 0.285141, 0.284748, 0.283188, 0.283749, 0.286210, 0.287931, 0.287605, 0.285789, 0.283809, 0.282944, 0.283706, 0.285685, 0.287021, 0.285040, 0.279285, 0.273726, 0.273098, 0.276337, 0.277880, 0.274582, 0.268178, 0.262235, 0.258937, 0.258562, 0.259904, 0.260654, 0.258277, 0.251797, 0.243515, 0.238313, 0.239065, 0.242802, 0.244160, 0.240770, 0.234344, 0.228095, 0.224277, 0.223570, 0.225132, 0.227087, 0.227012, 0.223064, 0.216175, 0.210522, 0.209955, 0.213698, 0.217525, 0.218231, 0.215523, 0.211114, 0.207200, 0.205468, 0.206543, 0.209649, 0.212487, 0.212253, 0.208201, 0.203280, 0.201941, 0.205113, 0.209313, 0.211188, 0.210114, 0.207204, 0.204084, 0.202390, 0.203110, 0.205808, 0.208249, 0.207896, 0.204640, 0.201804, 0.202547, 0.205791, 0.208253, 0.208398, 0.206927, 0.205112, 0.203855, 0.203715, 0.204756, 0.206277, 0.206830, 0.205927, 0.205346, 0.206799, 0.209427, 0.211388, 0.212320, 0.212913, 0.213467, 0.213846, 0.214123, 0.214415, 0.214811, 0.215351, 0.216038, 0.217129, 0.218778, 0.220526, 0.222011, 0.223495, 0.224908, 0.225673, 0.225765, 0.225594, 0.225204, 0.224464, 0.223635, 0.222984, 0.222674, 0.222890, 0.223569, 0.224568, 0.225559, 0.225744, 0.224606, 0.222935, 0.221903, 0.221504, 0.220841, 0.219375, 0.217295, 0.215225, 0.213958, 0.214123, 0.215879, 0.218399, 0.219841, 0.218825, 0.215996, 0.213390, 0.212550, 0.213537, 0.215244, 0.216313, 0.216003, 0.214500, 0.212947, 0.213220, 0.216705, 0.222248, 0.226419, 0.226576, 0.223228, 0.219253, 0.217480, 0.219084, 0.223357, 0.228253, 0.231151, 0.230193, 0.226351, 0.223816, 0.226428, 0.232922, 0.238009, 0.237986, 0.233283, 0.227132, 0.223068, 0.223215, 0.227238, 0.232375, 0.234690, 0.231619, 0.224872, 0.220417, 0.222155, 0.226519, 0.227583, 0.223521, 0.216309, 0.209061, 0.204411, 0.203527, 0.205421, 0.207198, 0.205640, 0.199972, 0.193513, 0.190718, 0.191340, 0.191083, 0.187346, 0.180889, 0.173764, 0.167700, 0.163751, 0.162015, 0.161642, 0.160841, 0.158056, 0.153889, 0.150730, 0.149440, 0.148356, 0.145858, 0.141989, 0.137437, 0.132909, 0.129117, 0.126577, 0.125388, 0.125167, 0.125145, 0.124806, 0.124427, 0.124458, 0.124632, 0.124368, 0.123574, 0.122424, 0.121106, 0.119899, 0.119124, 0.119122, 0.120146, 0.122153, 0.124806, 0.127821, 0.130946, 0.133853, 0.136368, 0.138480, 0.140125, 0.141387, 0.142706, 0.144494, 0.146904, 0.150026, 0.153871, 0.158265, 0.162964, 0.167648, 0.172123, 0.176636, 0.181238, 0.185150, 0.187681, 0.189224, 0.190826, 0.193385, 0.197305, 0.202314, 0.207574, 0.212031, 0.215014, 0.217028, 0.219861, 0.224633, 0.229856, 0.232917, 0.232862, 0.231114, 0.230099, 0.231457, 0.235362, 0.240505, 0.244351, 0.244572, 0.241479, 0.238864, 0.240321, 0.244772, 0.247840, 0.246684, 0.241855, 0.236075, 0.232223, 0.231976, 0.234845, 0.238149, 0.238352, 0.233713, 0.226364, 0.221219, 0.220894, 0.222723, 0.222531, 0.218812, 0.212560, 0.205667, 0.200114, 0.197429, 0.197798, 0.199331, 0.198828, 0.194379, 0.187429, 0.181484, 0.178416, 0.177161, 0.175954, 0.173822, 0.170507, 0.166342, 0.162035, 0.158543, 0.157040, 0.157756, 0.158751, 0.157729, 0.154494, 0.150708, 0.147737, 0.145913, 0.145129, 0.145091, 0.145345, 0.145338, 0.144471, 0.142762, 0.141462, 0.141878, 0.143566, 0.144826, 0.144835, 0.144093, 0.143273, 0.142728, 0.142789, 0.143670, 0.145429, 0.147666, 0.149197, 0.149319, 0.149248, 0.150498, 0.152769, 0.155030, 0.156994, 0.158658, 0.160021, 0.161291, 0.162563, 0.164299, 0.167321, 0.171111, 0.173921, 0.175326, 0.176653, 0.178883, 0.181734, 0.184816, 0.187968, 0.191027, 0.193719, 0.195579, 0.196691, 0.198447, 0.201927, 0.205884, 0.208339, 0.209267, 0.209899, 0.210889, 0.212367, 0.214315, 0.216578, 0.218918, 0.220564, 0.220499, 0.219342, 0.219434, 0.221543, 0.223659, 0.224028, 0.222830, 0.220938, 0.219005, 0.217663, 0.217270, 0.217814, 0.218778, 0.218771, 0.216686, 0.213453, 0.211237, 0.210844, 0.211031, 0.210282, 0.208239, 0.205236, 0.201780, 0.198577, 0.196513, 0.196268, 0.197516, 0.198591, 0.197829, 0.195116, 0.191807, 0.189341, 0.188197, 0.187993, 0.188110, 0.187901, 0.186891, 0.185057, 0.182985, 0.182023, 0.183335, 0.186289, 0.188804, 0.189263, 0.187506, 0.184543, 0.181829, 0.180683, 0.181652, 0.184084, 0.186466, 0.187264, 0.186101, 0.184260, 0.183634, 0.185115, 0.187744, 0.189407, 0.188588, 0.185333, 0.181152, 0.178215, 0.178022, 0.180295, 0.182967, 0.183903, 0.182517, 0.179906, 0.177968, 0.177883, 0.179161, 0.179958, 0.178280, 0.173942, 0.169065, 0.166261, 0.166388, 0.168186, 0.169793, 0.169955, 0.168580, 0.166687, 0.165576, 0.166080, 0.167584, 0.167934, 0.165565, 0.161356, 0.157941, 0.156896, 0.157701, 0.159175, 0.160443, 0.161130, 0.161150, 0.160728, 0.160746, 0.161977, 0.163706, 0.163928, 0.161831, 0.158799, 0.156527, 0.155575, 0.155741, 0.156746, 0.158228, 0.159709, 0.160740, 0.160889, 0.160557, 0.160906, 0.161901, 0.162177, 0.161078, 0.159312, 0.157631, 0.156439, 0.156190, 0.157067, 0.159051, 0.161935, 0.164888, 0.166699, 0.167022, 0.166852, 0.167087, 0.167714, 0.168480, 0.169314, 0.170331, 0.171528, 0.172870, 0.174340, 0.176487, 0.180234, 0.185270, 0.189810, 0.192302, 0.192880, 0.192613, 0.192516, 0.193390, 0.195599, 0.198913, 0.202495, 0.205175, 0.206209, 0.206462, 0.208241, 0.212482, 0.217334, 0.220207, 0.220166, 0.217928, 0.215033, 0.213344, 0.214081, 0.217116, 0.220527, 0.221838, 0.220154, 0.217186, 0.215734, 0.216924, 0.219257, 0.220001, 0.217511, 0.212255, 0.206305, 0.202045, 0.200787, 0.201793, 0.202598, 0.201079, 0.196982, 0.192031, 0.188299, 0.186493, 0.185594, 0.183732, 0.179538, 0.173175, 0.166555, 0.161698, 0.159228, 0.158121, 0.156893, 0.154470, 0.150685, 0.146251, 0.142198, 0.139306, 0.137393, 0.135381, 0.132141, 0.127751, 0.123240, 0.119786, 0.117764, 0.116854, 0.116418, 0.115870, 0.114783, 0.112930, 0.110731, 0.109070, 0.108512, 0.108553, 0.108380, 0.107662, 0.106774, 0.106150, 0.106181, 0.107084, 0.108857, 0.111263, 0.113761, 0.115565, 0.116211, 0.116428, 0.117426, 0.119685, 0.122700, 0.125992, 0.129183, 0.132050, 0.134489, 0.136625, 0.139027, 0.142746, 0.147994, 0.153219, 0.156748, 0.158578, 0.160098, 0.162522, 0.166374, 0.171392, 0.176952, 0.182195, 0.186001, 0.187423, 0.187601, 0.189621, 0.194996, 0.201365, 0.205661, 0.207267, 0.207604, 0.208156, 0.209970, 0.213550, 0.218483, 0.223295, 0.225610, 0.224044, 0.220761, 0.220276, 0.223926, 0.228361, 0.230250, 0.229376, 0.227143, 0.225000, 0.223959, 0.224575, 0.226573, 0.228440, 0.227452, 0.222749, 0.217243, 0.214712, 0.215157, 0.215837, 0.214811, 0.212083, 0.208347, 0.204426, 0.200964, 0.198511, 0.197299, 0.196531, 0.194179, 0.189362, 0.183724, 0.179545, 0.177096, 0.175337, 0.173581, 0.171608, 0.169160, 0.166182, 0.162742, 0.159238, 0.156465, 0.154810, 0.153357, 0.151122, 0.148247, 0.145564, 0.143427, 0.141943, 0.141054, 0.140624, 0.140502, 0.140503, 0.139831, 0.138081, 0.135903, 0.134375, 0.133674, 0.133512, 0.133641, 0.133960, 0.134297, 0.134564, 0.134617, 0.134710, 0.135557, 0.137371, 0.138994, 0.139247, 0.138288, 0.137253, 0.137049, 0.137937, 0.139934, 0.142618, 0.145282, 0.146948, 0.147394, 0.147884, 0.150206, 0.154181, 0.157700, 0.159229, 0.158956, 0.158229, 0.158553, 0.160893, 0.165091, 0.169926, 0.173532, 0.174638, 0.174257, 0.175338, 0.179413, 0.184718, 0.188448, 0.189231, 0.187594, 0.185477, 0.185199, 0.188053, 0.193131, 0.197784, 0.199618, 0.198514, 0.196770, 0.197029, 0.199904, 0.203543, 0.205444, 0.204339, 0.200790, 0.196831, 0.194961, 0.196474, 0.200166, 0.203307, 0.203920, 0.202151, 0.199562, 0.197724, 0.197266, 0.197808, 0.198256, 0.197215, 0.194264, 0.190528, 0.188044, 0.188048, 0.190185, 0.192870, 0.194596, 0.194691, 0.193279, 0.191006, 0.188732, 0.187504, 0.187685, 0.188619, 0.189076, 0.188657, 0.188237, 0.188902, 0.190860, 0.193535, 0.196269, 0.198428, 0.199472, 0.199008, 0.197252, 0.195460, 0.195145, 0.196644, 0.198844, 0.200887, 0.202672, 0.204366, 0.205959, 0.207420, 0.208631, 0.209754, 0.210842, 0.210859, 0.208850, 0.205919, 0.204044, 0.203783, 0.204481, 0.205697, 0.206985, 0.207922, 0.208155, 0.207377, 0.205943, 0.205049, 0.204929, 0.203710, 0.200419, 0.196245, 0.192870, 0.190798, 0.189845, 0.189789, 0.190225, 0.190537, 0.189873, 0.187906, 0.186008, 0.185625, 0.185594, 0.183946, 0.180591, 0.176873, 0.173800, 0.171947, 0.171556, 0.172297, 0.173566, 0.174288, 0.173698, 0.172544, 0.172559, 0.173932, 0.174829, 0.174106, 0.171942, 0.169173, 0.166851, 0.165830, 0.166580, 0.168691, 0.170870, 0.171798, 0.171325, 0.170595, 0.170754, 0.171941, 0.173320, 0.173803, 0.172895, 0.170842, 0.168550, 0.167358, 0.168342, 0.171431, 0.175233, 0.178007, 0.178971, 0.178435, 0.177452, 0.177194, 0.178401, 0.181013, 0.183824, 0.185403, 0.185378, 0.184758, 0.185311, 0.188216, 0.193246, 0.198927, 0.203436, 0.205592, 0.205218, 0.203577, 0.203115, 0.205755, 0.211171, 0.216770, 0.220067, 0.220821, 0.220800, 0.222018, 0.225319, 0.230259, 0.235459, 0.238719, 0.238385, 0.235167, 0.232427, 0.233597, 0.238396, 0.243264, 0.245338, 0.244568, 0.242775, 0.241781, 0.242385, 0.244300, 0.246267, 0.246413, 0.243263, 0.237830, 0.233907, 0.233874, 0.235630, 0.235890, 0.233798, 0.230492, 0.227144, 0.224225, 0.221822, 0.219797, 0.217594, 0.214212, 0.209100, 0.203402, 0.199217, 0.196780, 0.194384, 0.191083, 0.187355, 0.183589, 0.179742, 0.175797, 0.171790, 0.167903, 0.164314, 0.160639, 0.156440, 0.152128, 0.148401, 0.145137, 0.141965, 0.139060, 0.136456, 0.133961, 0.131676, 0.129515, 0.127059, 0.124552, 0.122641, 0.121258, 0.120009, 0.118884, 0.117921, 0.117067, 0.116367, 0.115805, 0.115473, 0.115795, 0.116956, 0.118328, 0.119102, 0.119382, 0.120022, 0.121545, 0.123891, 0.126762, 0.129776, 0.132532, 0.134649, 0.135887, 0.136937, 0.139415, 0.144011, 0.149285, 0.153289, 0.155602, 0.157293, 0.159747, 0.163799, 0.169496, 0.175939, 0.181515, 0.184510, 0.184534, 0.183807, 0.186052, 0.192585, 0.200560, 0.206168, 0.208046, 0.207632, 0.207690, 0.210530, 0.216661, 0.224278, 0.229728, 0.229960, 0.225702, 0.221739, 0.222917, 0.229370, 0.236733, 0.240473, 0.239194, 0.235096, 0.232062, 0.232894, 0.237395, 0.242323, 0.243554, 0.239407, 0.232303, 0.227197, 0.227256, 0.231082, 0.234677, 0.235022, 0.231642, 0.226334, 0.221998, 0.220695, 0.221800, 0.222536, 0.220454, 0.215359, 0.209293, 0.204921, 0.203546, 0.204497, 0.205895, 0.205926, 0.203813, 0.200116, 0.196315, 0.193780, 0.192701, 0.191982, 0.190428, 0.187928, 0.185365, 0.183639, 0.183198, 0.183976, 0.185446, 0.186727, 0.186938, 0.185782, 0.183906, 0.182254, 0.181143, 0.180307, 0.179661, 0.179357, 0.179544, 0.180296, 0.181529, 0.182977, 0.184393, 0.185565, 0.186101, 0.185762, 0.184847, 0.183650, 0.182290, 0.181123, 0.180517, 0.180438, 0.180818, 0.181828, 0.183508, 0.185431, 0.187078, 0.188265, 0.188955, 0.189100, 0.188797, 0.188362, 0.188174, 0.188099, 0.187558, 0.186697, 0.187030, 0.189565, 0.193274, 0.196407, 0.198392, 0.199667, 0.200893, 0.202621, 0.205051, 0.207543, 0.208549, 0.206989, 0.204230, 0.203615, 0.206845, 0.211972, 0.215749, 0.216803, 0.216196, 0.216050, 0.217801, 0.221486, 0.225619, 0.227531, 0.225199, 0.219910, 0.215984, 0.216811, 0.221542, 0.226467, 0.228506, 0.227100, 0.224044, 0.222006, 0.222792, 0.226256, 0.230177, 0.231441, 0.228400, 0.222538, 0.217777, 0.217467, 0.221534, 0.227008, 0.230778, 0.231335, 0.229053, 0.225892, 0.224476, 0.226335, 0.230490, 0.234073, 0.234689, 0.232228, 0.228942, 0.227842, 0.230627, 0.236468, 0.242589, 0.246277, 0.246523, 0.244460, 0.242604, 0.243341, 0.246937, 0.251169, 0.253484, 0.253292, 0.252027, 0.251878, 0.254295, 0.258838, 0.263394, 0.265654, 0.264890, 0.262628, 0.261304, 0.261931, 0.263406, 0.264089, 0.263402, 0.261963, 0.260901, 0.260910, 0.261711, 0.262389, 0.262012, 0.260197, 0.257587, 0.255238, 0.253221, 0.250831, 0.247913, 0.245048, 0.242561, 0.240311, 0.238107, 0.235867, 0.233639, 0.231323, 0.228814, 0.226073, 0.223026, 0.219605, 0.216089, 0.213066, 0.210577, 0.207822, 0.204487, 0.201489, 0.199731, 0.198630, 0.197126, 0.194944, 0.192340, 0.189698, 0.187506, 0.186207, 0.185738, 0.185135, 0.183177, 0.179953, 0.177457, 0.177478, 0.179179, 0.180322, 0.179700, 0.177721, 0.175541, 0.174274, 0.174614, 0.176638, 0.179384, 0.180870, 0.179634, 0.176817, 0.175675, 0.178218, 0.183002, 0.187116, 0.188900, 0.188512, 0.187165, 0.186557, 0.188325, 0.193188, 0.200037, 0.205703, 0.207107, 0.204546, 0.202417, 0.205159, 0.212330, 0.220038, 0.225270, 0.227107, 0.226276, 0.224935, 0.226055, 0.232013, 0.241969, 0.250693, 0.252861, 0.248792, 0.244947, 0.247496, 0.255464, 0.263451, 0.267657, 0.267589, 0.265123, 0.263294, 0.265130, 0.271944, 0.280659, 0.284701, 0.281022, 0.274496, 0.273296, 0.278538, 0.284036, 0.285085, 0.282019, 0.277774, 0.275122, 0.275451, 0.278263, 0.281287, 0.281374, 0.276963, 0.270827, 0.268304, 0.270148, 0.271250, 0.268051, 0.262250, 0.257288, 0.254524, 0.253481, 0.252991, 0.251778, 0.249009, 0.244707, 0.240102, 0.237151, 0.236012, 0.234267, 0.230088, 0.224678, 0.220482, 0.218373, 0.217393, 0.216363, 0.214679, 0.212316, 0.209576, 0.207026, 0.205350, 0.204438, 0.202979, 0.200006, 0.196340, 0.193836, 0.193467, 0.194450, 0.195294, 0.195100, 0.193995, 0.192721, 0.192164, 0.192729, 0.193836, 0.194015, 0.192277, 0.189432, 0.187791, 0.188970, 0.192184, 0.195181, 0.196308, 0.195525, 0.194327, 0.194704, 0.197402, 0.200768, 0.202035, 0.200042, 0.196627, 0.195294, 0.197930, 0.202976, 0.207141, 0.208192, 0.206590, 0.205201, 0.207028, 0.212188, 0.217192, 0.218002, 0.214070, 0.209454, 0.209201, 0.213973, 0.220020, 0.223361, 0.222671, 0.219753, 0.218440, 0.221681, 0.228429, 0.233683, 0.232990, 0.226874, 0.220951, 0.220760, 0.226036, 0.231946, 0.234254, 0.232186, 0.228227, 0.226090, 0.228118, 0.233612, 0.238770, 0.239140, 0.233620, 0.226311, 0.223191, 0.226087, 0.231534, 0.235168, 0.235158, 0.232508, 0.229780, 0.229400, 0.232239, 0.236843, 0.240067, 0.239217, 0.234519, 0.229642, 0.228945, 0.233130, 0.238885, 0.242807, 0.244014, 0.243711, 0.243757, 0.245572, 0.249413, 0.254042, 0.257048, 0.256601, 0.253685, 0.252086, 0.254938, 0.261210, 0.267114, 0.270263, 0.271416, 0.272819, 0.275805, 0.279922, 0.283785, 0.285869, 0.285278, 0.282929, 0.281928, 0.284762, 0.289809, 0.292943, 0.292675, 0.291850, 0.293874, 0.298084, 0.301063, 0.300784, 0.297780, 0.294062, 0.291816, 0.291982, 0.293185, 0.292694, 0.289053, 0.284557, 0.283837, 0.287762, 0.291030, 0.288807, 0.282007, 0.275291, 0.271930, 0.271588, 0.271455, 0.268659, 0.262405, 0.254777, 0.249852, 0.250445, 0.254477, 0.256140, 0.251676, 0.242757, 0.234691, 0.231238, 0.231568, 0.232143, 0.229950, 0.224148, 0.216382, 0.210278, 0.209189, 0.212648, 0.216194, 0.215599, 0.210104, 0.202455, 0.196553, 0.194734, 0.196376, 0.198703, 0.198859, 0.195659, 0.190421, 0.186524, 0.186934, 0.191289, 0.196009, 0.197593, 0.195193, 0.190564, 0.186595, 0.185785, 0.188833, 0.193909, 0.197666, 0.197829, 0.195368, 0.193936, 0.196424, 0.201974, 0.207391, 0.210248, 0.210060, 0.208165, 0.207060, 0.208969, 0.214133, 0.220121, 0.223617, 0.223901, 0.224072, 0.227519, 0.233480, 0.238835, 0.242045, 0.243466, 0.244162, 0.245354, 0.247888, 0.251783, 0.255680, 0.257810, 0.258694, 0.261271, 0.266401, 0.271002, 0.272988, 0.273923, 0.275595, 0.277571, 0.278966, 0.279611, 0.279739, 0.279729, 0.279984, 0.281015, 0.283213, 0.285158, 0.284708, 0.282818, 0.282935, 0.285267, 0.286055, 0.283478, 0.279697, 0.277086, 0.275958, 0.275676, 0.275416, 0.274322, 0.271841, 0.268102, 0.264761, 0.264518, 0.267167, 0.268241, 0.264427, 0.257779, 0.252864, 0.251528, 0.252503, 0.253782, 0.253721, 0.251391, 0.247006, 0.242073, 0.239384, 0.241186, 0.245910, 0.248646, 0.246156, 0.239995, 0.234720, 0.233503, 0.236078, 0.240120, 0.243136, 0.243350, 0.240080, 0.234690, 0.230962, 0.232615, 0.238903, 0.244419, 0.244545, 0.239550, 0.233745, 0.231503, 0.233748, 0.238195, 0.241667, 0.241703, 0.237770, 0.231825, 0.228094, 0.230054, 0.235834, 0.239357, 0.236920, 0.230586, 0.225494, 0.224650, 0.226814, 0.228747, 0.228007, 0.224006, 0.218388, 0.214144, 0.213721, 0.216363, 0.218136, 0.216053, 0.211001, 0.206879, 0.205977, 0.206764, 0.206510, 0.204135, 0.200245, 0.196250, 0.193662, 0.193068, 0.193556, 0.193392, 0.191828, 0.189792, 0.188831, 0.189169, 0.189481, 0.188688, 0.186841, 0.184711, 0.182922, 0.181707, 0.180917, 0.180319, 0.179817, 0.179617, 0.180037, 0.181083, 0.182147, 0.182647, 0.182593, 0.182283, 0.181944, 0.181552, 0.180943, 0.180117, 0.179460, 0.179543, 0.180697, 0.182814, 0.185253, 0.187221, 0.188546, 0.189688, 0.191131, 0.192879, 0.194488, 0.195442, 0.195611, 0.195525, 0.196219, 0.198720, 0.203191, 0.208276, 0.212068, 0.214019, 0.215226, 0.217253, 0.220642, 0.224675, 0.227936, 0.229290, 0.228729, 0.227716, 0.228765, 0.233625, 0.241003, 0.246967, 0.248502, 0.246656, 0.245408, 0.247594, 0.252291, 0.256596, 0.258050, 0.255689, 0.250884, 0.247269, 0.248779, 0.255533, 0.262482, 0.263853, 0.258754, 0.252109, 0.249720, 0.252091, 0.255373, 0.255680, 0.251522, 0.244086, 0.236663, 0.233099, 0.235181, 0.240168, 0.242137, 0.237623, 0.228992, 0.222171, 0.219950, 0.220158, 0.219326, 0.215538, 0.208834, 0.200816, 0.194079, 0.190877, 0.191497, 0.193280, 0.192562, 0.187864, 0.181140, 0.175672, 0.172606, 0.170717, 0.168449, 0.165127, 0.160716, 0.155806, 0.151551, 0.149276, 0.149465, 0.150838, 0.151308, 0.149759, 0.146914, 0.144107, 0.142049, 0.140714, 0.139804, 0.139001, 0.138133, 0.137284, 0.136793, 0.137294, 0.139174, 0.141850, 0.144187, 0.145685, 0.146604, 0.147321, 0.148011, 0.148825, 0.149862, 0.151214, 0.152945, 0.155106, 0.157909, 0.161401, 0.165380, 0.169556, 0.173704, 0.177676, 0.181339, 0.184617, 0.187505, 0.190095, 0.192610, 0.195237, 0.198163, 0.201565, 0.205445, 0.209790, 0.214428, 0.218876, 0.222788, 0.226287, 0.229694, 0.233101, 0.236212, 0.238589, 0.239991, 0.240685, 0.241598, 0.243641, 0.247021, 0.250650, 0.252887, 0.253194, 0.252878, 0.253681, 0.255996, 0.258381, 0.259226, 0.257920, 0.254968, 0.251863, 0.250672, 0.252260, 0.254911, 0.255485, 0.252542, 0.247835, 0.244536, 0.244050, 0.245183, 0.245770, 0.244249, 0.240220, 0.234622, 0.229499, 0.227063, 0.227939, 0.229993, 0.229807, 0.225886, 0.220075, 0.215411, 0.213270, 0.213124, 0.213747, 0.213742, 0.212020, 0.208189, 0.203160, 0.199283, 0.198725, 0.200888, 0.202837, 0.202289, 0.199357, 0.195698, 0.192977, 0.192004, 0.192769, 0.194629, 0.196401, 0.196377, 0.193601, 0.189568, 0.187528, 0.188800, 0.191360, 0.192669, 0.192098, 0.190324, 0.188301, 0.186990, 0.187137, 0.188902, 0.191481, 0.192693, 0.190759, 0.186956, 0.184837, 0.185592, 0.187205, 0.187896, 0.187559, 0.186559, 0.185458, 0.184857, 0.185327, 0.187377, 0.190113, 0.190991, 0.189159, 0.187125, 0.187062, 0.188174, 0.189025, 0.189465, 0.189721, 0.189998, 0.190469, 0.191289, 0.192905, 0.195731, 0.198468, 0.199446, 0.199213, 0.199468, 0.200200, 0.200638, 0.200923, 0.201301, 0.201740, 0.202350, 0.202994, 0.203523, 0.204568, 0.206469, 0.208237, 0.208947, 0.208916, 0.208467, 0.207542, 0.206337, 0.205118, 0.204129, 0.203812, 0.203997, 0.203774, 0.203020, 0.202563, 0.202810, 0.203313, 0.203543, 0.203155, 0.202006, 0.200134, 0.197748, 0.195354, 0.193934, 0.194229, 0.195680, 0.196884, 0.196980, 0.196327, 0.195728, 0.195633, 0.196101, 0.197033, 0.198022, 0.198218, 0.197006, 0.194905, 0.193587, 0.194632, 0.198120, 0.202444, 0.205660, 0.206626, 0.205536, 0.203661, 0.202734, 0.203998, 0.207120, 0.210202, 0.211078, 0.209301, 0.206749, 0.206162, 0.208795, 0.213552, 0.217806, 0.219045, 0.216361, 0.211261, 0.207203, 0.206918, 0.209835, 0.212706, 0.212755, 0.209721, 0.205513, 0.202847, 0.203282, 0.205921, 0.207928, 0.206475, 0.200802, 0.193372, 0.188335, 0.187442, 0.188533, 0.188477, 0.185989, 0.181804, 0.177528, 0.174741, 0.174052, 0.174654, 0.174195, 0.170399, 0.163779, 0.157507, 0.154022, 0.152770, 0.151911, 0.150377, 0.148096, 0.145547, 0.143317, 0.141888, 0.141576, 0.141927, 0.141331, 0.138468, 0.134292, 0.130860, 0.128829, 0.127616, 0.126933, 0.126782, 0.126989, 0.127359, 0.127733, 0.128114, 0.128898, 0.130155, 0.130992, 0.130620, 0.129493, 0.128428, 0.127750, 0.127743, 0.128708, 0.130619, 0.133392, 0.136847, 0.140164, 0.142674, 0.144772, 0.146983, 0.149121, 0.150930, 0.152543, 0.154130, 0.155886, 0.158077, 0.160654, 0.163610, 0.167582, 0.172973, 0.178775, 0.183468, 0.186674, 0.188935, 0.190770, 0.192530, 0.194658, 0.197525, 0.201044, 0.204366, 0.206453, 0.207668, 0.210030, 0.214813, 0.220714, 0.225364, 0.227570, 0.227513, 0.226145, 0.225006, 0.225516, 0.228082, 0.231419, 0.233085, 0.231798, 0.229238, 0.228693, 0.231372, 0.235191, 0.237301, 0.236169, 0.231950, 0.226374, 0.222014, 0.220806, 0.222144, 0.223203, 0.221569, 0.217203, 0.212291, 0.209291, 0.208824, 0.209300, 0.208359, 0.204612, 0.198231, 0.190900, 0.185113, 0.182265, 0.181483, 0.180619, 0.178118, 0.173924, 0.169085, 0.164781, 0.161676, 0.159637, 0.157700, 0.154530, 0.149628, 0.143961, 0.139079, 0.135928, 0.134430, 0.133792, 0.133072, 0.131661, 0.129342, 0.126359, 0.123427, 0.121350, 0.120287, 0.119521, 0.118249, 0.116469, 0.114846, 0.113977, 0.114059, 0.115057, 0.116775, 0.118710, 0.120075, 0.120240, 0.119444, 0.118915, 0.119643, 0.121399, 0.123520, 0.125681, 0.127778, 0.129850, 0.132051, 0.134567, 0.137948, 0.142580, 0.147277, 0.150123, 0.151060, 0.151853, 0.153813, 0.157053, 0.161222, 0.165808, 0.170247, 0.173951, 0.176416, 0.178336, 0.181842, 0.187804, 0.193750, 0.196925, 0.197549, 0.197757, 0.198953, 0.201486, 0.205209, 0.209565, 0.213643, 0.216076, 0.216020, 0.215421, 0.217674, 0.222634, 0.226511, 0.227107, 0.225508, 0.223572, 0.222321, 0.222280, 0.223489, 0.225380, 0.226873, 0.226425, 0.223551, 0.220684, 0.220636, 0.222318, 0.222610, 0.220599, 0.217255, 0.213500, 0.210012, 0.207326, 0.205723, 0.205261, 0.205046, 0.203432, 0.199921, 0.196077, 0.193600, 0.192253, 0.190787, 0.188706, 0.186072, 0.183046, 0.179887, 0.176780, 0.174117, 0.172690, 0.172596, 0.172561, 0.171367, 0.169187, 0.166939, 0.165028, 0.163471, 0.162443, 0.161936, 0.161782, 0.161688, 0.160994, 0.159389, 0.157769, 0.157343, 0.158134, 0.159112, 0.159586, 0.159439, 0.158726, 0.157682, 0.156696, 0.156339, 0.157338, 0.159269, 0.160474, 0.159837, 0.157981, 0.156532, 0.156465, 0.157542, 0.158998, 0.160065, 0.160182, 0.159185, 0.157630, 0.157093, 0.158817, 0.161881, 0.163737, 0.162983, 0.160739, 0.159134, 0.159292, 0.161123, 0.163654, 0.165515, 0.165714, 0.164415, 0.163345, 0.164605, 0.168454, 0.172505, 0.174113, 0.172861, 0.170592, 0.169565, 0.170847, 0.173734, 0.176671, 0.178108, 0.177478, 0.175879, 0.175571, 0.177970, 0.182074, 0.185401, 0.186152, 0.184262, 0.181375, 0.179575, 0.179940, 0.181925, 0.183911, 0.184573, 0.183728, 0.182271, 0.181562, 0.182461, 0.184664, 0.186726, 0.187218, 0.185666, 0.182696, 0.179831, 0.178506, 0.179018, 0.180571, 0.182126, 0.183159, 0.183540, 0.183525, 0.183537, 0.184005, 0.185181, 0.186541, 0.187063, 0.186320, 0.184949, 0.184100, 0.184521, 0.186414, 0.189433, 0.192870, 0.196078, 0.198389, 0.199368, 0.199242, 0.199222, 0.200287, 0.201949, 0.203134, 0.203569, 0.203870, 0.204560, 0.205922, 0.208128, 0.211103, 0.214522, 0.217446, 0.218454, 0.217041, 0.214820, 0.213783, 0.213882, 0.214072, 0.213863, 0.213339, 0.212645, 0.212030, 0.211728, 0.212127, 0.213800, 0.215583, 0.214950, 0.211363, 0.207070, 0.203891, 0.201635, 0.199669, 0.197691, 0.195561, 0.193237, 0.190830, 0.188735, 0.187895, 0.188660, 0.189221, 0.187364, 0.183223, 0.178886, 0.175376, 0.172476, 0.169947, 0.167662, 0.165391, 0.162905, 0.160446, 0.158856, 0.159060, 0.160514, 0.161368, 0.160390, 0.158011, 0.155263, 0.152866, 0.151138, 0.149984, 0.149118, 0.148078, 0.146632, 0.145134, 0.144693, 0.145996, 0.148445, 0.150652, 0.151580, 0.150991, 0.149321, 0.147500, 0.146476, 0.146754, 0.147936, 0.149220, 0.149972, 0.150220, 0.150555, 0.151899, 0.154730, 0.158518, 0.162099, 0.164335, 0.164687, 0.163627, 0.162702, 0.163464, 0.166537, 0.171197, 0.176149, 0.180098, 0.182457, 0.183609, 0.184944, 0.188084, 0.193265, 0.198678, 0.202135, 0.202961, 0.202250, 0.202139, 0.204416, 0.209500, 0.216124, 0.222137, 0.225450, 0.225497, 0.224086, 0.224558, 0.228425, 0.233622, 0.236788, 0.236656, 0.234584, 0.232884, 0.233225, 0.236010, 0.240216, 0.243607, 0.243882, 0.240706, 0.236707, 0.235316, 0.236878, 0.238326, 0.237230, 0.233808, 0.229754, 0.226453, 0.224539, 0.223787, 0.223412, 0.222195, 0.218963, 0.213813, 0.208943, 0.206022, 0.204053, 0.201132, 0.197027, 0.192466, 0.187961, 0.183667, 0.179759, 0.176217, 0.173038, 0.169830, 0.166034, 0.161576, 0.157275, 0.153563, 0.150087, 0.146497, 0.143024, 0.139709, 0.136496, 0.133374, 0.130288, 0.127175, 0.124440, 0.122271, 0.120373, 0.118463, 0.116727, 0.115198, 0.113817, 0.112679, 0.111798, 0.111102, 0.110882, 0.111178, 0.111319, 0.110856, 0.110375, 0.110552, 0.111455, 0.112966, 0.114961, 0.117209, 0.119476, 0.121451, 0.122829, 0.124251, 0.126955, 0.130972, 0.134595, 0.136697, 0.137834, 0.139322, 0.141926, 0.145906, 0.150994, 0.156601, 0.161658, 0.164704, 0.165408, 0.166414, 0.170820, 0.177795, 0.183507, 0.185951, 0.186156, 0.186257, 0.188078, 0.192540, 0.199239, 0.206396, 0.211281, 0.211540, 0.208524, 0.207729, 0.212837, 0.220450, 0.225039, 0.224798, 0.221733, 0.218961, 0.218846, 0.222245, 0.228168, 0.233724, 0.235150, 0.231193, 0.225368, 0.223560, 0.227053, 0.231432, 0.232376, 0.229279, 0.224296, 0.220070, 0.218370, 0.219612, 0.222698, 0.225010, 0.223853, 0.218761, 0.212903, 0.209960, 0.210044, 0.210525, 0.209492, 0.206848, 0.203329, 0.200064, 0.198131, 0.198052, 0.199345, 0.200469, 0.199617, 0.196423, 0.192498, 0.189598, 0.188212, 0.187784, 0.187769, 0.187753, 0.187587, 0.187334, 0.187155, 0.187511, 0.188490, 0.189282, 0.188937, 0.187555, 0.185855, 0.184400, 0.183546, 0.183465, 0.184115, 0.185254, 0.186616, 0.187819, 0.188767, 0.189451, 0.189641, 0.189186, 0.188176, 0.186857, 0.185396, 0.184210, 0.183568, 0.183477, 0.183978, 0.185004, 0.186390, 0.187842, 0.189128, 0.190056, 0.190627, 0.190589, 0.189417, 0.187702, 0.186715, 0.186943, 0.187582, 0.188063, 0.188635, 0.189748, 0.191708, 0.194439, 0.197805, 0.201215, 0.203042, 0.201989, 0.199753, 0.199817, 0.202356, 0.204484, 0.204606, 0.203610, 0.203012, 0.203956, 0.207010, 0.211746, 0.216683, 0.219264, 0.217542, 0.213371, 0.211820, 0.214716, 0.218406, 0.219226, 0.217133, 0.214083, 0.212128, 0.212631, 0.215860, 0.221000, 0.225642, 0.226371, 0.222060, 0.216374, 0.214396, 0.216817, 0.220290, 0.221942, 0.221233, 0.219055, 0.216910, 0.216344, 0.218456, 0.223419, 0.229190, 0.231916, 0.229591, 0.224518, 0.221315, 0.222142, 0.225691, 0.229926, 0.233355, 0.235210, 0.235410, 0.234949, 0.235882, 0.239947, 0.245978, 0.250180, 0.250082, 0.247164, 0.244821, 0.245268, 0.248478, 0.253062, 0.257369, 0.260126, 0.260925, 0.260622, 0.261367, 0.264484, 0.267809, 0.268416, 0.266194, 0.263404, 0.261862, 0.262047, 0.263350, 0.264835, 0.265586, 0.265314, 0.264377, 0.263691, 0.263447, 0.262439, 0.259730, 0.256032, 0.252397, 0.249162, 0.246301, 0.243745, 0.241564, 0.239697, 0.238021, 0.236288, 0.234339, 0.231760, 0.228480, 0.224920, 0.221332, 0.217289, 0.212781, 0.208706, 0.205593, 0.203236, 0.201189, 0.199229, 0.197307, 0.195502, 0.193864, 0.192596, 0.191604, 0.189764, 0.186244, 0.182073, 0.179436, 0.178905, 0.178951, 0.178350, 0.177075, 0.175633, 0.174593, 0.174591, 0.175925, 0.178052, 0.179288, 0.177882, 0.174368, 0.171665, 0.172074, 0.174927, 0.178009, 0.179855, 0.180277, 0.179899, 0.179747, 0.181007, 0.184618, 0.190069, 0.194557, 0.195176, 0.192401, 0.190024, 0.191495, 0.196899, 0.203813, 0.209671, 0.212978, 0.213737, 0.213158, 0.213688, 0.218100, 0.226463, 0.234522, 0.237371, 0.234491, 0.230794, 0.231942, 0.238743, 0.247627, 0.254775, 0.258134, 0.257621, 0.255394, 0.255279, 0.260494, 0.269577, 0.276082, 0.275290, 0.269487, 0.266076, 0.269616, 0.277019, 0.282616, 0.283818, 0.281537, 0.278426, 0.277128, 0.279056, 0.283356, 0.286243, 0.283999, 0.277770, 0.273477, 0.274960, 0.278890, 0.279777, 0.276416, 0.271601, 0.268036, 0.266349, 0.265774, 0.265005, 0.262873, 0.258826, 0.253663, 0.249791, 0.248919, 0.249170, 0.247064, 0.242074, 0.236969, 0.233776, 0.231874, 0.229977, 0.227474, 0.224238, 0.220635, 0.217288, 0.214841, 0.213659, 0.212986, 0.211044, 0.207276, 0.203402, 0.201307, 0.200756, 0.200207, 0.198786, 0.196742, 0.194805, 0.193640, 0.193552, 0.194448, 0.195433, 0.195001, 0.192625, 0.189831, 0.188868, 0.190194, 0.192052, 0.192546, 0.191395, 0.189912, 0.189726, 0.191629, 0.195064, 0.198208, 0.198962, 0.196798, 0.193952, 0.193756, 0.196927, 0.200695, 0.202095, 0.200683, 0.198536, 0.198584, 0.202375, 0.208443, 0.213094, 0.213471, 0.210256, 0.207602, 0.209346, 0.214591, 0.218903, 0.219161, 0.215992, 0.212973, 0.213873, 0.219559, 0.226912, 0.231126, 0.229595, 0.224630, 0.222255, 0.225831, 0.231875, 0.234906, 0.232915, 0.227930, 0.223952, 0.224385, 0.229617, 0.236420, 0.240101, 0.238002, 0.232081, 0.228111, 0.230018, 0.235181, 0.238208, 0.236563, 0.231702, 0.226995, 0.225377, 0.227840, 0.233112, 0.238141, 0.239467, 0.236010, 0.230971, 0.229372, 0.232349, 0.236360, 0.237853, 0.236321, 0.233542, 0.231863, 0.232919, 0.237042, 0.242974, 0.248139, 0.249822, 0.247708, 0.245182, 0.246311, 0.250847, 0.254939, 0.256259, 0.255740, 0.255587, 0.257439, 0.261843, 0.268028, 0.274077, 0.277606, 0.277566, 0.276134, 0.277358, 0.281778, 0.285412, 0.285313, 0.283088, 0.282428, 0.285062, 0.289772, 0.294215, 0.296676, 0.296865, 0.295944, 0.296034, 0.298349, 0.300460, 0.298560, 0.292843, 0.288106, 0.288203, 0.291511, 0.293437, 0.291440, 0.287048, 0.283903, 0.284068, 0.286228, 0.286876, 0.283007, 0.274776, 0.266279, 0.262468, 0.263951, 0.266146, 0.264177, 0.257423, 0.249636, 0.245494, 0.246424, 0.249367, 0.249582, 0.244296, 0.234834, 0.225733, 0.221242, 0.221835, 0.224072, 0.223800, 0.219268, 0.212082, 0.206097, 0.204476, 0.206943, 0.209982, 0.209780, 0.204966, 0.197378, 0.190968, 0.188937, 0.191139, 0.194665, 0.196453, 0.195022, 0.191100, 0.187322, 0.186687, 0.189967, 0.194649, 0.197101, 0.195554, 0.191366, 0.187954, 0.188133, 0.192098, 0.197626, 0.201829, 0.203144, 0.202126, 0.201098, 0.202768, 0.207861, 0.213730, 0.216732, 0.216035, 0.214386, 0.215174, 0.219288, 0.224987, 0.229953, 0.233029, 0.234593, 0.236115, 0.239229, 0.244277, 0.249330, 0.251911, 0.251993, 0.252509, 0.255720, 0.260280, 0.263560, 0.265251, 0.266929, 0.269571, 0.272843, 0.276001, 0.278314, 0.279400, 0.279616, 0.280181, 0.282219, 0.284778, 0.285313, 0.283451, 0.282344, 0.284253, 0.287070, 0.287635, 0.285772, 0.283449, 0.282163, 0.282127, 0.282721, 0.282845, 0.281345, 0.277635, 0.273305, 0.271805, 0.274266, 0.276899, 0.275351, 0.269748, 0.264141, 0.261810, 0.262527, 0.264163, 0.264690, 0.262927, 0.258746, 0.253428, 0.249803, 0.250803, 0.255705, 0.259369, 0.257521, 0.251178, 0.245169, 0.243149, 0.245256, 0.249488, 0.253254, 0.254306, 0.251732, 0.246509, 0.242011, 0.242642, 0.248953, 0.255557, 0.256717, 0.251879, 0.245456, 0.242375, 0.244218, 0.249274, 0.254488, 0.256974, 0.254923, 0.248973, 0.243447, 0.243709, 0.249581, 0.254590, 0.253464, 0.247055, 0.240699, 0.238670, 0.240866, 0.244284, 0.245890, 0.243987, 0.238831, 0.232910, 0.230130, 0.231889, 0.234179, 0.232031, 0.225553, 0.219439, 0.217182, 0.217841, 0.218585, 0.217592, 0.214602, 0.210607, 0.207051, 0.205119, 0.204648, 0.203632, 0.200229, 0.195404, 0.191978, 0.191077, 0.191152, 0.190558, 0.189165, 0.187712, 0.186709, 0.186117, 0.185651, 0.184883, 0.183314, 0.181056, 0.179033, 0.178038, 0.177810, 0.177552, 0.177088, 0.177021, 0.177835, 0.179189, 0.180342, 0.180827, 0.180612, 0.179995, 0.179531, 0.179635, 0.180235, 0.180814, 0.181036, 0.181366, 0.182748, 0.185605, 0.189306, 0.192649, 0.194682, 0.195312, 0.195454, 0.196388, 0.198726, 0.201987, 0.204940, 0.206639, 0.207457, 0.209066, 0.213008, 0.219141, 0.225562, 0.229966, 0.231245, 0.230351, 0.229929, 0.232490, 0.238070, 0.243798, 0.246560, 0.245948, 0.244743, 0.246592, 0.252820, 0.261008, 0.266860, 0.267418, 0.263291, 0.258552, 0.258107, 0.263344, 0.270306, 0.273336, 0.270158, 0.263914, 0.260884, 0.264488, 0.271763, 0.276836, 0.275901, 0.269104, 0.260208, 0.254801, 0.256025, 0.261082, 0.263890, 0.260586, 0.252503, 0.245195, 0.243588, 0.246976, 0.250320, 0.249406, 0.243343, 0.234131, 0.225403, 0.220563, 0.220424, 0.222346, 0.222211, 0.217877, 0.211083, 0.205784, 0.204150, 0.204824, 0.204989, 0.202768, 0.197788, 0.191076, 0.184628, 0.180494, 0.179561, 0.180716, 0.181549, 0.180355, 0.177570, 0.175082, 0.174097, 0.174080, 0.173868, 0.172749, 0.170553, 0.167534, 0.164536, 0.162833, 0.163225, 0.165112, 0.167037, 0.168105, 0.168688, 0.169505, 0.170552, 0.171370, 0.171699, 0.171539, 0.171052, 0.170647, 0.170815, 0.171959, 0.174017, 0.176541, 0.179320, 0.182658, 0.186398, 0.189895, 0.192794, 0.195203, 0.197189, 0.198880, 0.200450, 0.202069, 0.203983, 0.206442, 0.209649, 0.213681, 0.218077, 0.222018, 0.225521, 0.229396, 0.233738, 0.237473, 0.239617, 0.240233, 0.240272, 0.241045, 0.243344, 0.246908, 0.250275, 0.251813, 0.251694, 0.252307, 0.255518, 0.260230, 0.263515, 0.263474, 0.260494, 0.256846, 0.255125, 0.256496, 0.259767, 0.262081, 0.260964, 0.256795, 0.253098, 0.253385, 0.257181, 0.260622, 0.260564, 0.256638, 0.250606, 0.245123, 0.242753, 0.244454, 0.248382, 0.250705, 0.248746, 0.243377, 0.238506, 0.237454, 0.239918, 0.243007, 0.244188, 0.242411, 0.238131, 0.233067, 0.229712, 0.230260, 0.234781, 0.240075, 0.241939, 0.239320, 0.235143, 0.232909, 0.233572, 0.236074, 0.238813, 0.240277, 0.239534, 0.236709, 0.233484, 0.232848, 0.236493, 0.241850, 0.244489, 0.242978, 0.239712, 0.237545, 0.237268, 0.238184, 0.239313, 0.239768, 0.238819, 0.236181, 0.233181, 0.232501, 0.234688, 0.236635, 0.235622, 0.232576, 0.229924, 0.228216, 0.226740, 0.225267, 0.223667, 0.221772, 0.219555, 0.217086, 0.215028, 0.214215, 0.213815, 0.212318, 0.210256, 0.208813, 0.207508, 0.205796, 0.204189, 0.202755, 0.201356, 0.200262, 0.199438, 0.198592, 0.197866, 0.197361, 0.196889, 0.196547, 0.196385, 0.196094, 0.195907, 0.196273, 0.196547, 0.195890, 0.195096, 0.195294, 0.196224, 0.197010, 0.197282, 0.197086, 0.196502, 0.195776, 0.195391, 0.195912, 0.197455, 0.198968, 0.198886, 0.197256, 0.196094, 0.196999, 0.199412, 0.201768, 0.202982, 0.202758, 0.201405, 0.199858, 0.199455, 0.201379, 0.205415, 0.209350, 0.210783, 0.209585, 0.208020, 0.208658, 0.212277, 0.217426, 0.221850, 0.223898, 0.223275, 0.221107, 0.219817, 0.222090, 0.228568, 0.236402, 0.241299, 0.241262, 0.238312, 0.236730, 0.239277, 0.245320, 0.251763, 0.255300, 0.254312, 0.250217, 0.246984, 0.248525, 0.255432, 0.263684, 0.267772, 0.265511, 0.259800, 0.256150, 0.257509, 0.262109, 0.265637, 0.264998, 0.260212, 0.254271, 0.251406, 0.253572, 0.258325, 0.260906, 0.258598, 0.252519, 0.246386, 0.243312, 0.243033, 0.242650, 0.239577, 0.233804, 0.227475, 0.223221, 0.221924, 0.222123, 0.221404, 0.218320, 0.213236, 0.207624, 0.202775, 0.198874, 0.195133, 0.190629, 0.185252, 0.179879, 0.175789, 0.173306, 0.171646, 0.169873, 0.167611, 0.164853, 0.161714, 0.158266, 0.154583, 0.150780, 0.146971, 0.143276, 0.140112, 0.137945, 0.136816, 0.136338, 0.136174, 0.136324, 0.136767, 0.137166, 0.137137, 0.136645, 0.135780, 0.134788, 0.133966, 0.133682, 0.134163, 0.135393, 0.137106, 0.139242, 0.142216, 0.146258, 0.150476, 0.153755, 0.156070, 0.158137, 0.160344, 0.162819, 0.165520, 0.168329, 0.171008, 0.173377, 0.175840, 0.179870, 0.186395, 0.193717, 0.198934, 0.201434, 0.203168, 0.206184, 0.210758, 0.215753, 0.219681, 0.221672, 0.221871, 0.221855, 0.224372, 0.231108, 0.239767, 0.245301, 0.245292, 0.242755, 0.242878, 0.247196, 0.253007, 0.256753, 0.256575, 0.252861, 0.248508, 0.247484, 0.251911, 0.259503, 0.264691, 0.263483, 0.257278, 0.251964, 0.252018, 0.256149, 0.259659, 0.259188, 0.254341, 0.247427, 0.242065, 0.241193, 0.244944, 0.249750, 0.250999, 0.246933, 0.240020, 0.234628, 0.233232, 0.234768, 0.236197, 0.235094, 0.231072, 0.225705, 0.221463, 0.220381, 0.222475, 0.225567, 0.226832, 0.224843, 0.220604, 0.216578, 0.214775, 0.215305, 0.216775, 0.217535, 0.216636, 0.214526, 0.212794, 0.212835, 0.214671, 0.217022, 0.218422, 0.218075, 0.216349, 0.214469, 0.213664, 0.214316, 0.215526, 0.216108, 0.215708, 0.215027, 0.214953, 0.215614, 0.216490, 0.216953, 0.216748, 0.216076, 0.215133, 0.214285, 0.213800, 0.213516, 0.213035, 0.212365, 0.212031, 0.212099, 0.211994, 0.211548, 0.211260, 0.211259, 0.211160, 0.210782, 0.210349, 0.210092, 0.210064, 0.210367, 0.210995, 0.211658, 0.211858, 0.211475, 0.211778, 0.213688, 0.215646, 0.215677, 0.214553, 0.214297, 0.215551, 0.217698, 0.219803, 0.221125, 0.221332, 0.220647, 0.220195, 0.221835, 0.225725, 0.228683, 0.227784, 0.224172, 0.221940, 0.223252, 0.226614, 0.229663, 0.231006, 0.230352, 0.228209, 0.226039, 0.226089, 0.229694, 0.234532, 0.236169, 0.232888, 0.227613, 0.224940, 0.226581, 0.230875, 0.235245, 0.237813, 0.237759, 0.235398, 0.232318, 0.231346, 0.234933, 0.241485, 0.245909, 0.245077, 0.240895, 0.237781, 0.238523, 0.243058, 0.249510, 0.255403, 0.258638, 0.258251, 0.255108, 0.252739, 0.255219, 0.262163, 0.268344, 0.269597, 0.266819, 0.264347, 0.265442, 0.269980, 0.275882, 0.280793, 0.282929, 0.281488, 0.278023, 0.276446, 0.279347, 0.283954, 0.285335, 0.282380, 0.278788, 0.278262, 0.280578, 0.283181, 0.284177, 0.283112, 0.280508, 0.277408, 0.274960, 0.273810, 0.272751, 0.269663, 0.264791, 0.261115, 0.259962, 0.259353, 0.257371, 0.254342, 0.251313, 0.248465, 0.245323, 0.241553, 0.237093, 0.232144, 0.227099, 0.222791, 0.219653, 0.216951, 0.213536, 0.209721, 0.206891, 0.205423, 0.203902, 0.201005, 0.196829, 0.192335, 0.188352, 0.185352, 0.183200, 0.181145, 0.178427, 0.175180, 0.172619, 0.172097, 0.173404, 0.174637, 0.174010, 0.171459, 0.168338, 0.166249, 0.166001, 0.167178, 0.168507, 0.168734, 0.167511, 0.166059, 0.166574, 0.170078, 0.175141, 0.179249, 0.180707, 0.179608, 0.177741, 0.177703, 0.180863, 0.186341, 0.191645, 0.194491, 0.194544, 0.194222, 0.196879, 0.203606, 0.211916, 0.218168, 0.220257, 0.218768, 0.216710, 0.217988, 0.224306, 0.233166, 0.239629, 0.240886, 0.238941, 0.239054, 0.244685, 0.253866, 0.261700, 0.264576, 0.262284, 0.258058, 0.256877, 0.261607, 0.269932, 0.275929, 0.275651, 0.271051, 0.268923, 0.273521, 0.281291, 0.286002, 0.285198, 0.280410, 0.275083, 0.272726, 0.274712, 0.278784, 0.280480, 0.277250, 0.271439, 0.268938, 0.272284, 0.277016, 0.277571, 0.273217, 0.266919, 0.261593, 0.258582, 0.257647, 0.257412, 0.256073, 0.252382, 0.247293, 0.244390, 0.245911, 0.248998, 0.249073, 0.245124, 0.239636, 0.235060, 0.232141, 0.230668, 0.229952, 0.229061, 0.227269, 0.224543, 0.222380, 0.223020, 0.226200, 0.228442, 0.227191, 0.223594, 0.220349, 0.218710, 0.218389, 0.218770, 0.219175, 0.219006, 0.218024, 0.217146, 0.218336, 0.222051, 0.225529, 0.225542, 0.222495, 0.219648, 0.219035, 0.219956, 0.220874, 0.220785, 0.219535, 0.217919, 0.217451, 0.219698, 0.224197, 0.227192, 0.225632, 0.221284, 0.218846, 0.219961, 0.222098, 0.222451, 0.220178, 0.216518, 0.213984, 0.214833, 0.219059, 0.223578, 0.224256, 0.220287, 0.216006, 0.216048, 0.219547, 0.222015, 0.220625, 0.216176, 0.211709, 0.210334, 0.213211, 0.218378, 0.221605, 0.219839, 0.214788, 0.211965, 0.214315, 0.218730, 0.220640, 0.218378, 0.213412, 0.208912, 0.207755, 0.210743, 0.215868, 0.219226, 0.218014, 0.213273, 0.209706, 0.210902, 0.215115, 0.218169, 0.217943, 0.214974, 0.211208, 0.208851, 0.209725, 0.214130, 0.219806, 0.223038, 0.221836, 0.218399, 0.217155, 0.219825, 0.224170, 0.227487, 0.228775, 0.228422, 0.227625, 0.228024, 0.231015, 0.236934, 0.243748, 0.247585, 0.247066, 0.245663, 0.247628, 0.252539, 0.257206, 0.260048, 0.261388, 0.262244, 0.263881, 0.267234, 0.272561, 0.278736, 0.282670, 0.282459, 0.281068, 0.283405, 0.288822, 0.292241, 0.291764, 0.290076, 0.290084, 0.292165, 0.295259, 0.298096, 0.299497, 0.298843, 0.296817, 0.296186, 0.298988, 0.301842, 0.299687, 0.293292, 0.288948, 0.289943, 0.292475, 0.292118, 0.288430, 0.283569, 0.279782, 0.278205, 0.278546, 0.278974, 0.276643, 0.269781, 0.261106, 0.256772, 0.258677, 0.261361, 0.259131, 0.251976, 0.243996, 0.238909, 0.237507, 0.238125, 0.238210, 0.235616, 0.229532, 0.221388, 0.215158, 0.214344, 0.217538, 0.219448, 0.216468, 0.209794, 0.203252, 0.199662, 0.199309, 0.200884, 0.202352, 0.201732, 0.198161, 0.192701, 0.188555, 0.188740, 0.192638, 0.196136, 0.195996, 0.192539, 0.188537, 0.186568, 0.187479, 0.190558, 0.194022, 0.196020, 0.195308, 0.192620, 0.191131, 0.193717, 0.199063, 0.203091, 0.203593, 0.201716, 0.200318, 0.201288, 0.204694, 0.209144, 0.212920, 0.214742, 0.214900, 0.215541, 0.219005, 0.224713, 0.229284, 0.230627, 0.230246, 0.230931, 0.233501, 0.236997, 0.240179, 0.242496, 0.244174, 0.246344, 0.249933, 0.254583, 0.258572, 0.260608, 0.261460, 0.262924, 0.265172, 0.266774, 0.266943, 0.266363, 0.266376, 0.267793, 0.270317, 0.272617, 0.273603, 0.273356, 0.273409, 0.274947, 0.276819, 0.276536, 0.273523, 0.269537, 0.266735, 0.265981, 0.266743, 0.267339, 0.266235, 0.263314, 0.260358, 0.259729, 0.261873, 0.263933, 0.262585, 0.257462, 0.251319, 0.247131, 0.245979, 0.247064, 0.248613, 0.248799, 0.246509, 0.242314, 0.239133, 0.240098, 0.244422, 0.247620, 0.246454, 0.241483, 0.235743, 0.232227, 0.232422, 0.235876, 0.240603, 0.243876, 0.243392, 0.239099, 0.234789, 0.235362, 0.240935, 0.246147, 0.246606, 0.242454, 0.236921, 0.233267, 0.233425, 0.237399, 0.243183, 0.247142, 0.246074, 0.240357, 0.235391, 0.236451, 0.241551, 0.244193, 0.241374, 0.235198, 0.229524, 0.226901, 0.227728, 0.230514, 0.232749, 0.232014, 0.227564, 0.222441, 0.221416, 0.224036, 0.224587, 0.220255, 0.213581, 0.208277, 0.205554, 0.204674, 0.204310, 0.203336, 0.201254, 0.198435, 0.196366, 0.196417, 0.197430, 0.196342, 0.192329, 0.187738, 0.184773, 0.183033, 0.181351, 0.179439, 0.177585, 0.176145, 0.175462, 0.175789, 0.176812, 0.177586, 0.177125, 0.175720, 0.174437, 0.173595, 0.172518, 0.170875, 0.169193, 0.168116, 0.167981, 0.168726, 0.170062, 0.171498, 0.172692, 0.173531, 0.174394, 0.175608, 0.176662, 0.176861, 0.176246, 0.175659, 0.175923, 0.177523, 0.180274, 0.183443, 0.186208, 0.188240, 0.189973, 0.192332, 0.195894, 0.199803, 0.202624, 0.203751, 0.203907, 0.204599, 0.207103, 0.211714, 0.217361, 0.222262, 0.224808, 0.225245, 0.226109, 0.229893, 0.235886, 0.240948, 0.242906, 0.242002, 0.240491, 0.240981, 0.244803, 0.250969, 0.256426, 0.257954, 0.255044, 0.251433, 0.252199, 0.257902, 0.263581, 0.264404, 0.260222, 0.254631, 0.251615, 0.252783, 0.256832, 0.260469, 0.260026, 0.254238, 0.246320, 0.242414, 0.245004, 0.249582, 0.249988, 0.244454, 0.236168, 0.229495, 0.226647, 0.226999, 0.227993, 0.226951, 0.222198, 0.214275, 0.206590, 0.203228, 0.204344, 0.205522, 0.203037, 0.197088, 0.190301, 0.184960, 0.181798, 0.180352, 0.179448, 0.177704, 0.174102, 0.168719, 0.163438, 0.160655, 0.160661, 0.161243, 0.160255, 0.157621, 0.154517, 0.151904, 0.150146, 0.149252, 0.149043, 0.149011, 0.148362, 0.146686, 0.144804, 0.144380, 0.145767, 0.147571, 0.148677, 0.149229, 0.149732, 0.150320, 0.151082, 0.152064, 0.153267, 0.154728, 0.156148, 0.157197, 0.158656, 0.161335, 0.164574, 0.167543, 0.170584, 0.174007, 0.177398, 0.180493, 0.183446, 0.186118, 0.188597, 0.191222, 0.193939, 0.196918, 0.200363, 0.204020, 0.207774, 0.212124, 0.216779, 0.220457, 0.223394, 0.227039, 0.231071, 0.233926, 0.235602, 0.236872, 0.238181, 0.239930, 0.242391, 0.245589, 0.249136, 0.251803, 0.252305, 0.251989, 0.253930, 0.258058, 0.260668, 0.259822, 0.256943, 0.254244, 0.252989, 0.253479, 0.255205, 0.256956, 0.257005, 0.254153, 0.250121, 0.248619, 0.250842, 0.253375, 0.252553, 0.247963, 0.241865, 0.236814, 0.234366, 0.234574, 0.236256, 0.237412, 0.235914, 0.231290, 0.225902, 0.223212, 0.223987, 0.225616, 0.225254, 0.222176, 0.217356, 0.212413, 0.209188, 0.209009, 0.211727, 0.215298, 0.216759, 0.214596, 0.210107, 0.206208, 0.204773, 0.205615, 0.207285, 0.208202, 0.207469, 0.205199, 0.202532, 0.201518, 0.203635, 0.207788, 0.210707, 0.210266, 0.207140, 0.203388, 0.200764, 0.200140, 0.201303, 0.202966, 0.203526, 0.202191, 0.200058, 0.199451, 0.201357, 0.203852, 0.204625, 0.203097, 0.200107, 0.196887, 0.194503, 0.193551, 0.193847, 0.194412, 0.194027, 0.192897, 0.192740, 0.194358, 0.196436, 0.197660, 0.197908, 0.197309, 0.196095, 0.194555, 0.193263, 0.192774, 0.192953, 0.193171, 0.193413, 0.194472, 0.196444, 0.198731, 0.200957, 0.202985, 0.204437, 0.205257, 0.205415, 0.204512, 0.203082, 0.202184, 0.201817, 0.201665, 0.202002, 0.202976, 0.204228, 0.205657, 0.206961, 0.207651, 0.208215, 0.209090, 0.209115, 0.207238, 0.204402, 0.201991, 0.200338, 0.199538, 0.199695, 0.200512, 0.201654, 0.202474, 0.202068, 0.200882, 0.200791, 0.202142, 0.203007, 0.202052, 0.199760, 0.197242, 0.195443, 0.195124, 0.196560, 0.199550, 0.203301, 0.206008, 0.206012, 0.204060, 0.203008, 0.204574, 0.207517, 0.209790, 0.210561, 0.209992, 0.208791, 0.208078, 0.209312, 0.213587, 0.219944, 0.224902, 0.225378, 0.222003, 0.218594, 0.218251, 0.220969, 0.224723, 0.227228, 0.227168, 0.224657, 0.221364, 0.220228, 0.223439, 0.229264, 0.232697, 0.230562, 0.224518, 0.218794, 0.216266, 0.216984, 0.218910, 0.219441, 0.216982, 0.211873, 0.206723, 0.204799, 0.206435, 0.208161, 0.206514, 0.201098, 0.194111, 0.188276, 0.184902, 0.183472, 0.182409, 0.180099, 0.175862, 0.170796, 0.167077, 0.165596, 0.164846, 0.162854, 0.159063, 0.154184, 0.149223, 0.145003, 0.142011, 0.140097, 0.138475, 0.136387, 0.133901, 0.131786, 0.130541, 0.129810, 0.128924, 0.127602, 0.125899, 0.123923, 0.121865, 0.120035, 0.118822, 0.118477, 0.118767, 0.119270, 0.119946, 0.120909, 0.121990, 0.122986, 0.123879, 0.124676, 0.125419, 0.126293, 0.127278, 0.128237, 0.129436, 0.131306, 0.133893, 0.137053, 0.140626, 0.144285, 0.147829, 0.151256, 0.154114, 0.155987, 0.157697, 0.160442, 0.164148, 0.167970, 0.171638, 0.175224, 0.178786, 0.182446, 0.186243, 0.190391, 0.195477, 0.200855, 0.204252, 0.204684, 0.204364, 0.206230, 0.210538, 0.215474, 0.219630, 0.222503, 0.224012, 0.224575, 0.225233, 0.227866, 0.233245, 0.238323, 0.238864, 0.234834, 0.230890, 0.230971, 0.234345, 0.238007, 0.239788, 0.238914, 0.235854, 0.232076, 0.229725, 0.230861, 0.234643, 0.236431, 0.232610, 0.225045, 0.219059, 0.217403, 0.218428, 0.219269, 0.218137, 0.214506, 0.208887, 0.202726, 0.198153, 0.196814, 0.197662, 0.197261, 0.193243, 0.186633, 0.180517, 0.176778, 0.174979, 0.173826, 0.172285, 0.169694, 0.165750, 0.160755, 0.155910, 0.152824, 0.151897, 0.151642, 0.150358, 0.147757, 0.144651, 0.141842, 0.139718, 0.138374, 0.137612, 0.137101, 0.136385, 0.134954, 0.132899, 0.131146, 0.130635, 0.131266, 0.132265, 0.133043, 0.133403, 0.133401, 0.133153, 0.132893, 0.133059, 0.133950, 0.135245, 0.136364, 0.137089, 0.137802, 0.139067, 0.141179, 0.143982, 0.147094, 0.150140, 0.152710, 0.154502, 0.155716, 0.157203, 0.159586, 0.162603, 0.165581, 0.168224, 0.170695, 0.173324, 0.176506, 0.180613, 0.185531, 0.190426, 0.194152, 0.196158, 0.197159, 0.198493, 0.200859, 0.203951, 0.207030, 0.209411, 0.210905, 0.211974, 0.213625, 0.216853, 0.221472, 0.225572, 0.227285, 0.226648, 0.225098, 0.223968, 0.223980, 0.225017, 0.226193, 0.226379, 0.225123, 0.223224, 0.222414, 0.223715, 0.226088, 0.227408, 0.226400, 0.223236, 0.219008, 0.215008, 0.212195, 0.210868, 0.210464, 0.209669, 0.207486, 0.204440, 0.202144, 0.201459, 0.201701, 0.201577, 0.200202, 0.197304, 0.193099, 0.188298, 0.184180, 0.181944, 0.181782, 0.182578, 0.182927, 0.182203, 0.180873, 0.179708, 0.179016, 0.178634, 0.178361, 0.177928, 0.176796, 0.174489, 0.171381, 0.169002, 0.168850, 0.170904, 0.173807, 0.176227, 0.177457, 0.177316, 0.176067, 0.174448, 0.173487, 0.173841, 0.174810, 0.174707, 0.172765, 0.170215, 0.169027, 0.170076, 0.172733, 0.175726, 0.177822, 0.178183, 0.176436, 0.173350, 0.171241, 0.171570, 0.172807, 0.172495, 0.170253, 0.167570, 0.166179, 0.166882, 0.169338, 0.172404, 0.174736, 0.175066, 0.173077, 0.170574, 0.170182, 0.171843, 0.172913, 0.171858, 0.169579, 0.167810, 0.167660, 0.169443, 0.172719, 0.176304, 0.178598, 0.178640, 0.177309, 0.176801, 0.178068, 0.179685, 0.179967, 0.178718, 0.176848, 0.175501, 0.175540, 0.177206, 0.180045, 0.182927, 0.184413, 0.183974, 0.182634, 0.181732, 0.181514, 0.181465, 0.181100, 0.180169, 0.178754, 0.177301, 0.176464, 0.176848, 0.178505, 0.180607, 0.182059, 0.182299, 0.181381, 0.179780, 0.178151, 0.177083, 0.176885, 0.177553, 0.178646, 0.179509, 0.179944, 0.180461, 0.181592, 0.183353, 0.185397, 0.187306, 0.188739, 0.189381, 0.189041, 0.188155, 0.187918, 0.189394, 0.192467, 0.195964, 0.198749, 0.200435, 0.201324, 0.201945, 0.202779, 0.204276, 0.206606, 0.209006, 0.209879, 0.208510, 0.206454, 0.206218, 0.208442, 0.211597, 0.214000, 0.214883, 0.214118, 0.212144, 0.210067, 0.209371, 0.210775, 0.212779, 0.212438, 0.208721, 0.204084, 0.201668, 0.201850, 0.202808, 0.202933, 0.201476, 0.198378, 0.194123, 0.189933, 0.187738, 0.188196, 0.188755, 0.186308, 0.180993, 0.175703, 0.172517, 0.171025, 0.169954, 0.168422, 0.165947, 0.162415, 0.158111, 0.154150, 0.152194, 0.152356, 0.152258, 0.149855, 0.145853, 0.142227, 0.139715, 0.137996, 0.136787, 0.135760, 0.134525, 0.132723, 0.130280, 0.128023, 0.127342, 0.128293, 0.129297, 0.129188, 0.128172, 0.126908, 0.125776, 0.125030, 0.124842, 0.125351, 0.126464, 0.127492, 0.127709, 0.127500, 0.128101, 0.130134, 0.133038, 0.135960, 0.138388, 0.140095, 0.141081, 0.141576, 0.142155, 0.143763, 0.147102, 0.151632, 0.155807, 0.158709, 0.160929, 0.163551, 0.167040, 0.171293, 0.175978, 0.180511, 0.184036, 0.185717, 0.185842, 0.186384, 0.189525, 0.195357, 0.201848, 0.206978, 0.210025, 0.211547, 0.212745, 0.214760, 0.218228, 0.222749, 0.226410, 0.227109, 0.225027, 0.223102, 0.224206, 0.228434, 0.233585, 0.237242, 0.238199, 0.236679, 0.234083, 0.232475, 0.233134, 0.234832, 0.234886, 0.232014, 0.227530, 0.223996, 0.222994, 0.224078, 0.225456, 0.225384, 0.222985, 0.218447, 0.213147, 0.208974, 0.206442, 0.204103, 0.200426, 0.195533, 0.190597, 0.186574, 0.183768, 0.181980, 0.180609, 0.178697, 0.175295, 0.170232, 0.164443, 0.159140, 0.154633, 0.150496, 0.146546, 0.142937, 0.139763, 0.137041, 0.134744, 0.132817, 0.131322, 0.130094, 0.128350, 0.125442, 0.121702, 0.117855, 0.114329, 0.111481, 0.109670, 0.108973, 0.109249, 0.110103, 0.110845, 0.111088, 0.111253, 0.111819, 0.112541, 0.112907, 0.112746, 0.112213, 0.111595, 0.111269, 0.111644, 0.113313, 0.116772, 0.121407, 0.125592, 0.128400, 0.130367, 0.132483, 0.135112, 0.138134, 0.141282, 0.144025, 0.145743, 0.146345, 0.146891, 0.149405, 0.155082, 0.162466, 0.168701, 0.172385, 0.174360, 0.176164, 0.178898, 0.183058, 0.188097, 0.192128, 0.193217, 0.191562, 0.190232, 0.192778, 0.199491, 0.207141, 0.212332, 0.213929, 0.213069, 0.212088, 0.213091, 0.216668, 0.221038, 0.223029, 0.220816, 0.216103, 0.213130, 0.214792, 0.219932, 0.224976, 0.227092, 0.225627, 0.221832, 0.217938, 0.216167, 0.217074, 0.218596, 0.217899, 0.214183, 0.209233, 0.205730, 0.205150, 0.206874, 0.208878, 0.209252, 0.207183, 0.203044, 0.198240, 0.194555, 0.192848, 0.192343, 0.191567, 0.189804, 0.187502, 0.185552, 0.184527, 0.184461, 0.184971, 0.185341, 0.184720, 0.182730, 0.179899, 0.177313, 0.175780, 0.175379, 0.175717, 0.176405, 0.177144, 0.177725, 0.178054, 0.178176, 0.178213, 0.178299, 0.178277, 0.177742, 0.176711, 0.175722, 0.175141, 0.175043, 0.175456, 0.176300, 0.177436, 0.178667, 0.179509, 0.179497, 0.178886, 0.178241, 0.177672, 0.177121, 0.176690, 0.176388, 0.176262, 0.176297, 0.176252, 0.176318, 0.177425, 0.179578, 0.181251, 0.181479, 0.180873, 0.180295, 0.180114, 0.180509, 0.181528, 0.182925, 0.183929, 0.183745, 0.182897, 0.183533, 0.186794, 0.190811, 0.192962, 0.192917, 0.192097, 0.191720, 0.192331, 0.194141, 0.196755, 0.198903, 0.198910, 0.196694, 0.195066, 0.197002, 0.201556, 0.205134, 0.205859, 0.204434, 0.202374, 0.200978, 0.201158, 0.203006, 0.205665, 0.207205, 0.205793, 0.202071, 0.199538, 0.200827, 0.204525, 0.207399, 0.207893, 0.206338, 0.203722, 0.201213, 0.200014, 0.201078, 0.204220, 0.207391, 0.207967, 0.205494, 0.202489, 0.201915, 0.204162, 0.207507, 0.210323, 0.211825, 0.211832, 0.210700, 0.209290, 0.209136, 0.211919, 0.217135, 0.221518, 0.222596, 0.221330, 0.220375, 0.221176, 0.223630, 0.227053, 0.230483, 0.233002, 0.233965, 0.233228, 0.232190, 0.233432, 0.237488, 0.241445, 0.242596, 0.241415, 0.240023, 0.239564, 0.240109, 0.241298, 0.242663, 0.243616, 0.243275, 0.241383, 0.239421, 0.239129, 0.239916, 0.239558, 0.237286, 0.234297, 0.231546, 0.229169, 0.227175, 0.225459, 0.223829, 0.222114, 0.219894, 0.217112, 0.214440, 0.212236, 0.209761, 0.206542, 0.203015, 0.199443, 0.195907, 0.192661, 0.189793, 0.187348, 0.185427, 0.183890, 0.182392, 0.180711, 0.178867, 0.176830, 0.174678, 0.172422, 0.170132, 0.168064, 0.166179, 0.164223, 0.162301, 0.160960, 0.160587, 0.161074, 0.161956, 0.162590, 0.162492, 0.161529, 0.160052, 0.158916, 0.158652, 0.158923, 0.158910, 0.158254, 0.157305, 0.156845, 0.157635, 0.159914, 0.163190, 0.166418, 0.168240, 0.167959, 0.166396, 0.165546, 0.166724, 0.169530, 0.172670, 0.175207, 0.176866, 0.177888, 0.179060, 0.181740, 0.186912, 0.193571, 0.198757, 0.200242, 0.198653, 0.197030, 0.198139, 0.202523, 0.208849, 0.215128, 0.219632, 0.221403, 0.221106, 0.221607, 0.226428, 0.235003, 0.241845, 0.242763, 0.239098, 0.235541, 0.235563, 0.239712, 0.246259, 0.252426, 0.255572, 0.254571, 0.251033, 0.249713, 0.254299, 0.261369, 0.263918, 0.259741, 0.252878, 0.248478, 0.248223, 0.250655, 0.253460, 0.254626, 0.253089, 0.249023, 0.244842, 0.243943, 0.246080, 0.246345, 0.241628, 0.234022, 0.227657, 0.224008, 0.222088, 0.220621, 0.218776, 0.216111, 0.212645, 0.208837, 0.205659, 0.203560, 0.201211, 0.196666, 0.190264, 0.184126, 0.179357, 0.175534, 0.172337, 0.169703, 0.167466, 0.165423, 0.163462, 0.161472, 0.159458, 0.157173, 0.154099, 0.150274, 0.146477, 0.143237, 0.140566, 0.138541, 0.137349, 0.137008, 0.137345, 0.138078, 0.138825, 0.139345, 0.139455, 0.139075, 0.138455, 0.137940, 0.137479, 0.137034, 0.136916, 0.137636, 0.139525, 0.142492, 0.145991, 0.149369, 0.152199, 0.154438, 0.156640, 0.159455, 0.162618, 0.164994, 0.166039, 0.166586, 0.168177, 0.171697, 0.176848, 0.182552, 0.187396, 0.190465, 0.192220, 0.194840, 0.200042, 0.206291, 0.210293, 0.210681, 0.209418, 0.209690, 0.213235, 0.219290, 0.225532, 0.229630, 0.230388, 0.229070, 0.229290, 0.234162, 0.241695, 0.246116, 0.244392, 0.239270, 0.236170, 0.237751, 0.242740, 0.248024, 0.250658, 0.249247, 0.244789, 0.240907, 0.241779, 0.247492, 0.252742, 0.252284, 0.246173, 0.239210, 0.236109, 0.237642, 0.241362, 0.244276, 0.244394, 0.241246, 0.235915, 0.231309, 0.230891, 0.234703, 0.238465, 0.238100, 0.233617, 0.228428, 0.225692, 0.226083, 0.228460, 0.231126, 0.232597, 0.231973, 0.229325, 0.226171, 0.225171, 0.227692, 0.231527, 0.233170, 0.231857, 0.229870, 0.229289, 0.230297, 0.232295, 0.234541, 0.236260, 0.236937, 0.236397, 0.235344, 0.235598, 0.237945, 0.240358, 0.240604, 0.239360, 0.238815, 0.239336, 0.239919, 0.240069, 0.239834, 0.239308, 0.238701, 0.238054, 0.237564, 0.237652, 0.237683, 0.236542, 0.234919, 0.234272, 0.233868, 0.232207, 0.229844, 0.228240, 0.227080, 0.225549, 0.223874, 0.222415, 0.221192, 0.220340, 0.219888, 0.219852, 0.219790, 0.218365, 0.215540, 0.213960, 0.214887, 0.215592, 0.213860, 0.210777, 0.208556, 0.208191, 0.209448, 0.211379, 0.212754, 0.212606, 0.210571, 0.208182, 0.208578, 0.212107, 0.214871, 0.213542, 0.209285, 0.205752, 0.205224, 0.207519, 0.211101, 0.214073, 0.214817, 0.212811, 0.209592, 0.208470, 0.211505, 0.216461, 0.219034, 0.217337, 0.213143, 0.209904, 0.209989, 0.213682, 0.219439, 0.224749, 0.227205, 0.225756, 0.222156, 0.220662, 0.224061, 0.230362, 0.235379, 0.236852, 0.235277, 0.233002, 0.232991, 0.237210, 0.245138, 0.253565, 0.258447, 0.257817, 0.254098, 0.252525, 0.256029, 0.262738, 0.268703, 0.271420, 0.270995, 0.269783, 0.270885, 0.276225, 0.284533, 0.291078, 0.291824, 0.288115, 0.285483, 0.287051, 0.290890, 0.293705, 0.294031, 0.292641, 0.291564, 0.292676, 0.296296, 0.300461, 0.301752, 0.298807, 0.294711, 0.293291, 0.293657, 0.292209, 0.288099, 0.283570, 0.280755, 0.279830, 0.279805, 0.279449, 0.277798, 0.274506, 0.270591, 0.267909, 0.266190, 0.262608, 0.255843, 0.248503, 0.243790, 0.241618, 0.239708, 0.236804, 0.233079, 0.229313, 0.226237, 0.224182, 0.222810, 0.220767, 0.216130, 0.208818, 0.201931, 0.198577, 0.198067, 0.197486, 0.195247, 0.191777, 0.188414, 0.186399, 0.186385, 0.187806, 0.189066, 0.188005, 0.183593, 0.177629, 0.173913, 0.174450, 0.177536, 0.180161, 0.180618, 0.179262, 0.177702, 0.177725, 0.180395, 0.185305, 0.189894, 0.190939, 0.187635, 0.183091, 0.181830, 0.185558, 0.191896, 0.197191, 0.199308, 0.198817, 0.198216, 0.200352, 0.206323, 0.213941, 0.218784, 0.218100, 0.213765, 0.211366, 0.214724, 0.222050, 0.228658, 0.231475, 0.230823, 0.229858, 0.232264, 0.239065, 0.246910, 0.250808, 0.248841, 0.244307, 0.242887, 0.246904, 0.253119, 0.256993, 0.256679, 0.254121, 0.253304, 0.256697, 0.262791, 0.267370, 0.267055, 0.262510, 0.258196, 0.258150, 0.261459, 0.264029, 0.263336, 0.260114, 0.257080, 0.256818, 0.259561, 0.262972, 0.263849, 0.260784, 0.255582, 0.252029, 0.252216, 0.254353, 0.254984, 0.252695, 0.248849, 0.246188, 0.246372, 0.248822, 0.251516, 0.252323, 0.250110, 0.245818, 0.242406, 0.242635, 0.245892, 0.248821, 0.248839, 0.246282, 0.243908, 0.244208, 0.247476, 0.251920, 0.255130, 0.255467, 0.252950, 0.249663, 0.248945, 0.252583, 0.258393, 0.261633, 0.260153, 0.256640, 0.255742, 0.259092, 0.264354, 0.268214, 0.268580, 0.265588, 0.261520, 0.259824, 0.262692, 0.268263, 0.271160, 0.267903, 0.261231, 0.258147, 0.261550, 0.266847, 0.268283, 0.264581, 0.258292, 0.252943, 0.251126, 0.253055, 0.256050, 0.255585, 0.249370, 0.240624, 0.236438, 0.239480, 0.243875, 0.243015, 0.236195, 0.227780, 0.221994, 0.220089, 0.220682, 0.221115, 0.218868, 0.212830, 0.204894, 0.199809, 0.200718, 0.204064, 0.203857, 0.198458, 0.191100, 0.185694, 0.183506, 0.183647, 0.184198, 0.183455, 0.180453, 0.175596, 0.171073, 0.169882, 0.172311, 0.174796, 0.174075, 0.170419, 0.166731, 0.165160, 0.165929, 0.168067, 0.170393, 0.171783, 0.171554, 0.170095, 0.169276, 0.171180, 0.175384, 0.179039, 0.180171, 0.179771, 0.180145, 0.182548, 0.186612, 0.191374, 0.195748, 0.199065, 0.201183, 0.202868, 0.205835, 0.210863, 0.216103, 0.219179, 0.220613, 0.222842, 0.227190, 0.232701, 0.237943, 0.242226, 0.245716, 0.249015, 0.252679, 0.256980, 0.261319, 0.264173, 0.265103, 0.266044, 0.269330, 0.274376, 0.278204, 0.279549, 0.280087, 0.282216, 0.286096, 0.289973, 0.291858, 0.290952, 0.288360, 0.286781, 0.288140, 0.291506, 0.293495, 0.291677, 0.287301, 0.284702, 0.286707, 0.291094, 0.293061, 0.290008, 0.283285, 0.276867, 0.274221, 0.275617, 0.277976, 0.277367, 0.272294, 0.265079, 0.260198, 0.260363, 0.263982, 0.266583, 0.264411, 0.257117, 0.248123, 0.241983, 0.240933, 0.243532, 0.246098, 0.245430, 0.240761, 0.234345, 0.229890, 0.229713, 0.232817, 0.235875, 0.235669, 0.231148, 0.223949, 0.217838, 0.216152, 0.219164, 0.223926, 0.226891, 0.226194, 0.222619, 0.218739, 0.217236, 0.218808, 0.221801, 0.223355, 0.221491, 0.216713, 0.212061, 0.210836, 0.213793, 0.218351, 0.221116, 0.220828, 0.218673, 0.216622, 0.215966, 0.216834, 0.217932, 0.217303, 0.214146, 0.210301, 0.208667, 0.210209, 0.212995, 0.214707, 0.215038, 0.215201, 0.215951, 0.217057, 0.217988, 0.218171, 0.217353, 0.215663, 0.214087, 0.213885, 0.214982, 0.215946, 0.216587, 0.218131, 0.220893, 0.223842, 0.226226, 0.228079, 0.229351, 0.229977, 0.229964, 0.229537, 0.228923, 0.228265, 0.227809, 0.228191, 0.229654, 0.231291, 0.232211, 0.233000, 0.234847, 0.237147, 0.238191, 0.237319, 0.235161, 0.232651, 0.230636, 0.229770, 0.229960, 0.230397, 0.229969, 0.228389, 0.226901, 0.227476, 0.230359, 0.233193, 0.233511, 0.230890, 0.226870, 0.223427, 0.222140, 0.223431, 0.226312, 0.228802, 0.229015, 0.226940, 0.224838, 0.225528, 0.229489, 0.234423, 0.237297, 0.236459, 0.232775, 0.228947, 0.227962, 0.231250, 0.237662, 0.243794, 0.246210, 0.244214, 0.240574, 0.239610, 0.243316, 0.249574, 0.254269, 0.254454, 0.250194, 0.244591, 0.242380, 0.246230, 0.253750, 0.259524, 0.259745, 0.254924, 0.249160, 0.246982, 0.249585, 0.253971, 0.255745, 0.252409, 0.245266, 0.238858, 0.237511, 0.241126, 0.244994, 0.244582, 0.239364, 0.232535, 0.227599, 0.225593, 0.225287, 0.224298, 0.220605, 0.214112, 0.207287, 0.203360, 0.202841, 0.202883, 0.200578, 0.195738, 0.190294, 0.185703, 0.182116, 0.179058, 0.175833, 0.171976, 0.167393, 0.162671, 0.159025, 0.157053, 0.155685, 0.153464, 0.150476, 0.147745, 0.145485, 0.143371, 0.141263, 0.139184, 0.137245, 0.135526, 0.134050, 0.132985, 0.132566, 0.132592, 0.132518, 0.132431, 0.132877, 0.133718, 0.134439, 0.135068, 0.135959, 0.137174, 0.138648, 0.140469, 0.142615, 0.144957, 0.147483, 0.150042, 0.152697, 0.155947, 0.159585, 0.162576, 0.164762, 0.167400, 0.171326, 0.175884, 0.180252, 0.184263, 0.187908, 0.191330, 0.194796, 0.198713, 0.203715, 0.209331, 0.213278, 0.214281, 0.214555, 0.217592, 0.223719, 0.230181, 0.234687, 0.236790, 0.237524, 0.238492, 0.241021, 0.245824, 0.251788, 0.255475, 0.254135, 0.249538, 0.247600, 0.251990, 0.259344, 0.263894, 0.263386, 0.259536, 0.255694, 0.254567, 0.257023, 0.261282, 0.263585, 0.260801, 0.253373, 0.246245, 0.245066, 0.249903, 0.255025, 0.255250, 0.250092, 0.242724, 0.236801, 0.234384, 0.235107, 0.236745, 0.236279, 0.231660, 0.223964, 0.217207, 0.215068, 0.217292, 0.220195, 0.220282, 0.216619, 0.210654, 0.204722, 0.200719, 0.199396, 0.199995, 0.200682, 0.199613, 0.196318, 0.192378, 0.190213, 0.190763, 0.192649, 0.193795, 0.193103, 0.190638, 0.187256, 0.184305, 0.183040, 0.183687, 0.185296, 0.186505, 0.186581, 0.186023, 0.185862, 0.186549, 0.187558, 0.188093, 0.187627, 0.186188, 0.184370, 0.182997, 0.182684, 0.183436, 0.184633, 0.185764, 0.186946, 0.188317, 0.189722, 0.190903, 0.191683, 0.191922, 0.191651, 0.191080, 0.190570, 0.190531, 0.191079, 0.192241, 0.194120, 0.196641, 0.199456, 0.202548, 0.205780, 0.208642, 0.210650, 0.212049, 0.213009, 0.213713, 0.214373, 0.215300, 0.216629, 0.218159, 0.219530, 0.221328, 0.224668, 0.229312, 0.233254, 0.235029, 0.235180, 0.235067, 0.235329, 0.235911, 0.236494, 0.236667, 0.235814, 0.233876, 0.232211, 0.233151, 0.237219, 0.241535, 0.242828, 0.240889, 0.237845, 0.235510, 0.234382, 0.234370, 0.234610, 0.233857, 0.231196, 0.227161, 0.224044, 0.224545, 0.228596, 0.232877, 0.234122, 0.231852, 0.227709, 0.223748, 0.221419, 0.221376, 0.223179, 0.225290, 0.225602, 0.223205, 0.219965, 0.219277, 0.222564, 0.227783, 0.231674, 0.232388, 0.229996, 0.225994, 0.222599, 0.221873, 0.224635, 0.229527, 0.233459, 0.233973, 0.231597, 0.229658, 0.230986, 0.234862, 0.238535, 0.239832, 0.238038, 0.233949, 0.229747, 0.228097, 0.230070, 0.233945, 0.236493, 0.235893, 0.233226, 0.231179, 0.231134, 0.232092, 0.232164, 0.230043, 0.225810, 0.220898, 0.217171, 0.215741, 0.215899, 0.215801, 0.214321, 0.212026, 0.210029, 0.208603, 0.207312, 0.205445, 0.202472, 0.198501, 0.194197, 0.190568, 0.187992, 0.186065, 0.184343, 0.182867, 0.181812, 0.181020, 0.180303, 0.179529, 0.178408, 0.176912, 0.175040, 0.172869, 0.170670, 0.168707, 0.167106, 0.166047, 0.165594, 0.165513, 0.165701, 0.166290, 0.167040, 0.167425, 0.167275, 0.166741, 0.165979, 0.165156, 0.164435, 0.163991, 0.163944, 0.164104, 0.164113, 0.164143, 0.165060, 0.167248, 0.169755, 0.171337, 0.171743, 0.171507, 0.171210, 0.171357, 0.172469, 0.174793, 0.177869, 0.180485, 0.181486, 0.181393, 0.182379, 0.185932, 0.191042, 0.195609, 0.198432, 0.199471, 0.199445, 0.199578, 0.201282, 0.205609, 0.212180, 0.218027, 0.219857, 0.218019, 0.216765, 0.219593, 0.225662, 0.231758, 0.235475, 0.236047, 0.234205, 0.231923, 0.231972, 0.236350, 0.243664, 0.248745, 0.247478, 0.241553, 0.237389, 0.239077, 0.244154, 0.248012, 0.248276, 0.245017, 0.239785, 0.235123, 0.233802, 0.236736, 0.240794, 0.240804, 0.234852, 0.226781, 0.222368, 0.222700, 0.224143, 0.223448, 0.219865, 0.214202, 0.208000, 0.202886, 0.200078, 0.199538, 0.199025, 0.195611, 0.189139, 0.182701, 0.178875, 0.177015, 0.175179, 0.172406, 0.168688, 0.164375, 0.159933, 0.155883, 0.152735, 0.150557, 0.148468, 0.145444, 0.141639, 0.138288, 0.136094, 0.134615, 0.133296, 0.132004, 0.130723, 0.129404, 0.128048, 0.126668, 0.125449, 0.124574, 0.123884, 0.123138, 0.122613, 0.122744, 0.123456, 0.124495, 0.125835, 0.127425, 0.129069, 0.130737, 0.132404, 0.133930, 0.135314, 0.136706, 0.138189, 0.139950, 0.142163, 0.144818, 0.147979, 0.151814, 0.156105, 0.160243, 0.163876, 0.167275, 0.170845, 0.174577, 0.178126, 0.181220, 0.183767, 0.185890, 0.188146, 0.191489, 0.196524, 0.202530, 0.207687, 0.210835, 0.212808, 0.215377, 0.219386, 0.224094, 0.227826, 0.229151, 0.228176, 0.226872, 0.227792, 0.231956, 0.237825, 0.242353, 0.243516, 0.241995, 0.240566, 0.241723, 0.245294, 0.248581, 0.248637, 0.244765, 0.239184, 0.235629, 0.236483, 0.240560, 0.244270, 0.244811, 0.241849, 0.237190, 0.233502, 0.232659, 0.234125, 0.235064, 0.232746, 0.226948, 0.220259, 0.216070, 0.215908, 0.218505, 0.221168, 0.221632, 0.219124, 0.214459, 0.209451, 0.206098, 0.205418, 0.206339, 0.206357, 0.203968, 0.200045, 0.196838, 0.195965, 0.197492, 0.200210, 0.202543, 0.203208, 0.201518, 0.197853, 0.193979, 0.192057, 0.192627, 0.194205, 0.195003, 0.194587, 0.193876, 0.193933, 0.195032, 0.196798, 0.198604, 0.199758, 0.199383, 0.197000, 0.193687, 0.191517, 0.191220, 0.191676, 0.191882, 0.191973, 0.192332, 0.193000, 0.193957, 0.195000, 0.195890, 0.196453, 0.196064, 0.194276, 0.192024, 0.190514, 0.189700, 0.189160, 0.189110, 0.189724, 0.190889, 0.192494, 0.194262, 0.195974, 0.197779, 0.199528, 0.200541, 0.200596, 0.200115, 0.199530, 0.199120, 0.199123, 0.199728, 0.201056, 0.203007, 0.205097, 0.206826, 0.208381, 0.210394, 0.212739, 0.214479, 0.215025, 0.214424, 0.213045, 0.211541, 0.210768, 0.211233, 0.212660, 0.214106, 0.214673, 0.214309, 0.213909, 0.214404, 0.215831, 0.217231, 0.217368, 0.215645, 0.212521, 0.209350, 0.207658, 0.208202, 0.210270, 0.212175, 0.212648, 0.211570, 0.209742, 0.208459, 0.208808, 0.210707, 0.212710, 0.213062, 0.211163, 0.208160, 0.206173, 0.206753, 0.209866, 0.214121, 0.217599, 0.218814, 0.217571, 0.215176, 0.213915, 0.215628, 0.219894, 0.223993, 0.225338, 0.223776, 0.221439, 0.220824, 0.223072, 0.227540, 0.232304, 0.235105, 0.234336, 0.230512, 0.226822, 0.226859, 0.230863, 0.235316, 0.236673, 0.234336, 0.230546, 0.228064, 0.228089, 0.230016, 0.232232, 0.232678, 0.229820, 0.224263, 0.219385, 0.218405, 0.220323, 0.221143, 0.218732, 0.214295, 0.209985, 0.206822, 0.204811, 0.203421, 0.201743, 0.198903, 0.194445, 0.189340, 0.185768, 0.184453, 0.183373, 0.180780, 0.177212, 0.173826, 0.170804, 0.167986, 0.165312, 0.162758, 0.160334, 0.157769, 0.154854, 0.152207, 0.150539, 0.149434, 0.148174, 0.146872, 0.145798, 0.144740, 0.143595, 0.142423, 0.141111, 0.139786, 0.138877, 0.138290, 0.137677, 0.137244, 0.137265, 0.137550, 0.138037, 0.138769, 0.139548, 0.140377, 0.141448, 0.142299, 0.142333, 0.142048, 0.142434, 0.143713, 0.145588, 0.147893, 0.150400, 0.152875, 0.155177, 0.157046, 0.158670, 0.161202, 0.165171, 0.169102, 0.171342, 0.172109, 0.172927, 0.174991, 0.178702, 0.183799, 0.189500, 0.194719, 0.198186, 0.199118, 0.198867, 0.200726, 0.206259, 0.212811, 0.216724, 0.217226, 0.216308, 0.216397, 0.219021, 0.224397, 0.231217, 0.236815, 0.238229, 0.234959, 0.230827, 0.231198, 0.236691, 0.242560, 0.244442, 0.241822, 0.237314, 0.234392, 0.235182, 0.239264, 0.243995, 0.245696, 0.241940, 0.234317, 0.228250, 0.227672, 0.230685, 0.232605, 0.230742, 0.225524, 0.219341, 0.214836, 0.213458, 0.214575, 0.215598, 0.213547, 0.207497, 0.199635, 0.193412, 0.190467, 0.189688, 0.188919, 0.186731, 0.182986, 0.178414, 0.174128, 0.171157, 0.169712, 0.168658, 0.166317, 0.162137, 0.157122, 0.152718, 0.149675, 0.148020, 0.147390, 0.147185, 0.146704, 0.145534, 0.143801, 0.142053, 0.140726, 0.139641, 0.138297, 0.136616, 0.134995, 0.133819, 0.133335, 0.133677, 0.134768, 0.136414, 0.138301, 0.139850, 0.140766, 0.141310, 0.141688, 0.141867, 0.142002, 0.142352, 0.143088, 0.144434, 0.146499, 0.149066, 0.152042, 0.155603, 0.159632, 0.163674, 0.167348, 0.170442, 0.172937, 0.174889, 0.176246, 0.177495, 0.179774, 0.183344, 0.187096, 0.190262, 0.193333, 0.197119, 0.201852, 0.207136, 0.212255, 0.216491, 0.218927, 0.218953, 0.217821, 0.218445, 0.222026, 0.226343, 0.228655, 0.228801, 0.228766, 0.230289, 0.233742, 0.238378, 0.242788, 0.245006, 0.243282, 0.238370, 0.234401, 0.234909, 0.238476, 0.240931, 0.240189, 0.237265, 0.234399, 0.233403, 0.234823, 0.237707, 0.240131, 0.239769, 0.235226, 0.228130, 0.222796, 0.221968, 0.224012, 0.225654, 0.225218, 0.222923, 0.219890, 0.217435, 0.216557, 0.217602, 0.219572, 0.220071, 0.217286, 0.211984, 0.207003, 0.204782, 0.205695, 0.208396, 0.211094, 0.212518, 0.212210, 0.210442, 0.208341, 0.207590, 0.208860, 0.210711, 0.211017, 0.209236, 0.206664, 0.204993, 0.205187, 0.207309, 0.210604, 0.213671, 0.214966, 0.213838, 0.211266, 0.209252, 0.208878, 0.209353, 0.209358, 0.208446, 0.207022, 0.205760, 0.205286, 0.205900, 0.207437, 0.208993, 0.209099, 0.207152, 0.204410, 0.202249, 0.200695, 0.199309, 0.198015, 0.196803, 0.195696, 0.194848, 0.194482, 0.194912, 0.196110, 0.197124, 0.197075, 0.196188, 0.195050, 0.193907, 0.192895, 0.192144, 0.191745, 0.191856, 0.192208, 0.192399, 0.192835, 0.194242, 0.196368, 0.198337, 0.199648, 0.200238, 0.200152, 0.199528, 0.198651, 0.198162, 0.198693, 0.199889, 0.200507, 0.200093, 0.199649, 0.200233, 0.201769, 0.203517, 0.204857, 0.205343, 0.204662, 0.202684, 0.200053, 0.198556, 0.199468, 0.201641, 0.202844, 0.202334, 0.201051, 0.200153, 0.200249, 0.201477, 0.203458, 0.205468, 0.206516, 0.205507, 0.202515, 0.199844, 0.200276, 0.203919, 0.208302, 0.211270, 0.212312, 0.211968, 0.211208, 0.211160, 0.212925, 0.216966, 0.221936, 0.224908, 0.223999, 0.220715, 0.219068, 0.221689, 0.227358, 0.232935, 0.236270, 0.236817, 0.235208, 0.233053, 0.232683, 0.235977, 0.241961, 0.246240, 0.245186, 0.240171, 0.236334, 0.237050, 0.240990, 0.244844, 0.246210, 0.244401, 0.240371, 0.236128, 0.234077, 0.235635, 0.238950, 0.239629, 0.235356, 0.228706, 0.224306, 0.223469, 0.223788, 0.222881, 0.220025, 0.215560, 0.210383, 0.205748, 0.202856, 0.201759, 0.200648, 0.197366, 0.191932, 0.186471, 0.182510, 0.179505, 0.176290, 0.172554, 0.168484, 0.164304, 0.160333, 0.156849, 0.154060, 0.151904, 0.149682, 0.146824, 0.143615, 0.140523, 0.137586, 0.134721, 0.132013, 0.129576, 0.127484, 0.125828, 0.124626, 0.123839, 0.123465, 0.123438, 0.123592, 0.123763, 0.123799, 0.123689, 0.123545, 0.123390, 0.123256, 0.123369, 0.124067, 0.125571, 0.127878, 0.130769, 0.133840, 0.136734, 0.139315, 0.141711, 0.144261, 0.147225, 0.150347, 0.153083, 0.155087, 0.156672, 0.158734, 0.162208, 0.167397, 0.173738, 0.179908, 0.184409, 0.186591, 0.187745, 0.190153, 0.194862, 0.200512, 0.204904, 0.206992, 0.207274, 0.207487, 0.209781, 0.215550, 0.223839, 0.231067, 0.233669, 0.231412, 0.228216, 0.228828, 0.233770, 0.239454, 0.242276, 0.241281, 0.237879, 0.234876, 0.235234, 0.240200, 0.247523, 0.251841, 0.249366, 0.241957, 0.236040, 0.235621, 0.238619, 0.240847, 0.239930, 0.235814, 0.230193, 0.225659, 0.224422, 0.226958, 0.230782, 0.231461, 0.226557, 0.218416, 0.211956, 0.209410, 0.209073, 0.208550, 0.206762, 0.203605, 0.199590, 0.195615, 0.193047, 0.192977, 0.194524, 0.194924, 0.192172, 0.187060, 0.181996, 0.178537, 0.176678, 0.175959, 0.175908, 0.176022, 0.175859, 0.175093, 0.173928, 0.173314, 0.173843, 0.174425, 0.173678, 0.171693, 0.169480, 0.167654, 0.166481, 0.166206, 0.166820, 0.168107, 0.169703, 0.171007, 0.171656, 0.171966, 0.172236, 0.172172, 0.171595, 0.170707, 0.169802, 0.169054, 0.168690, 0.168798, 0.169490, 0.170885, 0.172951, 0.175292, 0.177509, 0.179266, 0.180569, 0.181367, 0.181872, 0.182349, 0.183132, 0.184231, 0.185392, 0.186380, 0.187493, 0.189487, 0.192794, 0.196948, 0.200965, 0.204006, 0.205651, 0.206460, 0.207616, 0.209990, 0.212880, 0.214825, 0.215079, 0.214421, 0.214421, 0.216404, 0.220471, 0.225172, 0.228196, 0.228285, 0.226415, 0.225093, 0.226268, 0.229291, 0.231718, 0.231619, 0.229086, 0.225806, 0.223896, 0.224785, 0.228211, 0.231996, 0.233295, 0.230799, 0.226159, 0.222828, 0.222730, 0.224817, 0.226840, 0.227127, 0.225183, 0.221673, 0.218378, 0.217258, 0.219250, 0.223135, 0.225998, 0.225521, 0.222063, 0.218276, 0.216681, 0.217857, 0.220704, 0.223662, 0.225388, 0.225082, 0.222870, 0.220445, 0.220519, 0.224026, 0.228718, 0.231381, 0.230888, 0.228678, 0.226972, 0.227160, 0.229322, 0.232637, 0.235712, 0.237038, 0.235721, 0.232737, 0.231138, 0.233013, 0.236590, 0.238515, 0.237756, 0.235748, 0.233942, 0.233011, 0.233096, 0.233809, 0.234404, 0.233764, 0.231035, 0.227314, 0.225101, 0.225017, 0.225022, 0.223598, 0.221342, 0.219097, 0.217011, 0.215037, 0.213079, 0.211141, 0.209273, 0.206937, 0.203685, 0.200368, 0.197996, 0.196104, 0.194008, 0.192089, 0.190599, 0.189165, 0.187823, 0.186564, 0.184959, 0.183264, 0.182026, 0.180737, 0.178888, 0.176939, 0.175278, 0.173839, 0.172780, 0.172224, 0.172106, 0.172601, 0.173416, 0.173427, 0.172451, 0.171814, 0.172097, 0.172463, 0.172268, 0.171544, 0.170477, 0.169456, 0.168863, 0.169034, 0.170547, 0.173382, 0.175960, 0.176544, 0.175456, 0.174720, 0.175579, 0.177552, 0.179675, 0.181344, 0.182210, 0.182187, 0.181782, 0.182186, 0.184999, 0.190663, 0.196931, 0.200536, 0.200521, 0.198937, 0.198554, 0.200693, 0.205142, 0.210731, 0.215704, 0.218405, 0.218132, 0.216552, 0.217697, 0.224034, 0.232805, 0.238892, 0.239773, 0.236821, 0.233637, 0.233515, 0.237555, 0.244273, 0.250480, 0.252825, 0.250282, 0.245964, 0.245451, 0.250808, 0.257666, 0.260444, 0.257503, 0.251432, 0.246310, 0.245005, 0.247805, 0.252209, 0.254336, 0.251769, 0.245929, 0.241316, 0.240925, 0.242947, 0.243325, 0.239831, 0.233262, 0.226251, 0.221254, 0.219263, 0.219379, 0.219313, 0.217027, 0.212344, 0.207199, 0.203570, 0.201134, 0.198172, 0.193826, 0.188349, 0.182440, 0.177016, 0.172902, 0.170346, 0.168781, 0.167121, 0.164738, 0.161928, 0.159143, 0.156234, 0.152845, 0.149025, 0.145115, 0.141397, 0.138163, 0.135676, 0.134015, 0.133268, 0.133191, 0.133304, 0.133531, 0.133775, 0.133539, 0.132701, 0.131588, 0.130396, 0.129208, 0.128359, 0.128192, 0.128790, 0.130238, 0.132497, 0.135288, 0.138544, 0.141899, 0.144422, 0.146118, 0.148113, 0.150624, 0.152604, 0.153708, 0.154710, 0.156389, 0.159110, 0.163058, 0.168111, 0.173822, 0.179119, 0.182461, 0.184244, 0.187377, 0.193082, 0.198609, 0.201151, 0.201173, 0.201007, 0.202441, 0.206318, 0.212339, 0.219144, 0.224532, 0.226207, 0.224721, 0.224939, 0.230777, 0.238781, 0.242729, 0.241056, 0.236810, 0.233914, 0.234768, 0.239456, 0.245824, 0.250611, 0.250928, 0.246589, 0.241888, 0.242569, 0.248676, 0.253954, 0.253552, 0.248023, 0.241306, 0.237202, 0.237303, 0.240880, 0.245397, 0.247418, 0.244702, 0.238495, 0.233386, 0.232924, 0.235794, 0.237960, 0.236722, 0.232339, 0.226946, 0.223021, 0.222218, 0.224544, 0.228293, 0.230582, 0.229327, 0.225114, 0.220880, 0.219202, 0.220025, 0.221611, 0.222482, 0.222008, 0.220417, 0.218693, 0.218324, 0.220235, 0.223564, 0.226068, 0.226120, 0.224251, 0.222195, 0.221120, 0.221254, 0.222193, 0.223313, 0.223997, 0.224101, 0.224003, 0.224452, 0.225817, 0.227043, 0.226948, 0.225719, 0.224316, 0.222988, 0.221719, 0.220720, 0.220006, 0.219628, 0.219477, 0.219443, 0.219508, 0.219647, 0.219360, 0.218548, 0.217740, 0.216702, 0.214904, 0.212971, 0.211796, 0.211135, 0.210478, 0.209982, 0.209867, 0.210153, 0.210782, 0.211611, 0.212617, 0.213255, 0.212446, 0.210471, 0.209703, 0.211011, 0.212350, 0.211808, 0.210169, 0.209235, 0.209919, 0.212023, 0.214745, 0.217050, 0.217742, 0.216092, 0.213203, 0.212525, 0.215616, 0.219304, 0.219656, 0.216784, 0.213587, 0.212519, 0.214159, 0.217768, 0.221638, 0.223888, 0.223091, 0.219310, 0.215320, 0.215249, 0.219832, 0.225086, 0.226959, 0.225039, 0.221869, 0.220175, 0.221389, 0.225379, 0.230939, 0.235899, 0.237684, 0.235094, 0.230549, 0.229003, 0.233233, 0.240628, 0.246499, 0.248509, 0.247584, 0.246155, 0.246536, 0.249946, 0.256065, 0.262849, 0.267029, 0.266200, 0.261999, 0.260071, 0.264343, 0.272075, 0.277883, 0.279448, 0.278208, 0.276833, 0.277456, 0.280586, 0.285153, 0.288778, 0.289113, 0.285838, 0.282452, 0.283173, 0.287584, 0.290771, 0.289819, 0.286512, 0.284152, 0.283519, 0.283520, 0.282991, 0.281329, 0.278389, 0.274764, 0.271798, 0.270413, 0.269611, 0.267288, 0.263154, 0.259223, 0.256643, 0.254046, 0.250091, 0.245317, 0.240763, 0.236757, 0.233202, 0.229802, 0.226225, 0.222306, 0.218299, 0.214865, 0.212463, 0.209967, 0.205967, 0.200703, 0.195909, 0.192620, 0.190379, 0.188148, 0.185218, 0.181773, 0.178544, 0.176443, 0.175869, 0.176299, 0.176027, 0.173706, 0.169882, 0.166581, 0.165370, 0.165962, 0.167034, 0.167281, 0.166336, 0.164744, 0.164005, 0.165619, 0.169572, 0.173771, 0.175714, 0.174723, 0.172389, 0.171404, 0.173379, 0.177853, 0.182837, 0.186268, 0.187135, 0.186393, 0.186993, 0.191699, 0.199761, 0.206948, 0.209705, 0.208251, 0.205913, 0.206287, 0.210878, 0.218434, 0.225712, 0.229342, 0.228388, 0.226148, 0.228292, 0.236875, 0.246816, 0.251695, 0.250134, 0.245915, 0.244172, 0.247243, 0.253867, 0.260460, 0.263514, 0.261773, 0.257941, 0.258217, 0.265655, 0.274557, 0.277180, 0.272756, 0.266909, 0.264726, 0.266659, 0.270131, 0.272259, 0.271385, 0.267876, 0.264271, 0.264255, 0.269177, 0.274548, 0.274382, 0.268262, 0.261664, 0.259213, 0.259860, 0.260452, 0.259315, 0.256413, 0.252728, 0.249730, 0.249121, 0.251596, 0.254954, 0.255195, 0.250819, 0.245009, 0.241896, 0.241828, 0.242329, 0.241676, 0.239859, 0.237652, 0.236147, 0.236322, 0.238550, 0.242003, 0.244173, 0.242738, 0.238704, 0.235873, 0.236192, 0.237876, 0.238662, 0.238023, 0.236703, 0.236032, 0.237182, 0.240423, 0.244568, 0.247154, 0.246109, 0.242342, 0.239695, 0.240532, 0.242915, 0.243607, 0.241588, 0.238493, 0.236878, 0.238289, 0.242164, 0.245966, 0.246583, 0.242947, 0.238037, 0.236486, 0.238698, 0.240455, 0.238498, 0.233286, 0.228169, 0.226537, 0.229114, 0.233322, 0.235164, 0.232224, 0.226227, 0.222283, 0.223625, 0.227232, 0.227557, 0.222715, 0.215618, 0.210786, 0.210604, 0.214040, 0.217705, 0.218143, 0.213955, 0.207756, 0.204892, 0.207651, 0.212031, 0.212695, 0.208252, 0.201645, 0.196980, 0.196401, 0.199326, 0.203224, 0.205134, 0.203356, 0.198703, 0.194768, 0.195344, 0.199763, 0.203417, 0.203081, 0.199503, 0.195661, 0.194052, 0.195538, 0.199479, 0.204047, 0.207004, 0.206943, 0.204613, 0.203290, 0.205924, 0.211324, 0.215638, 0.216856, 0.216082, 0.215783, 0.217646, 0.221813, 0.227342, 0.232827, 0.236688, 0.237970, 0.238017, 0.240260, 0.246087, 0.252341, 0.255468, 0.255854, 0.256726, 0.260033, 0.265083, 0.270291, 0.274538, 0.277415, 0.279218, 0.281018, 0.284388, 0.289601, 0.293863, 0.294199, 0.292445, 0.293706, 0.298638, 0.302619, 0.303053, 0.301731, 0.301318, 0.302678, 0.305082, 0.307055, 0.307318, 0.305298, 0.301923, 0.300310, 0.302910, 0.306639, 0.305491, 0.298579, 0.292051, 0.291314, 0.294200, 0.295481, 0.292786, 0.287088, 0.280758, 0.276270, 0.275369, 0.277567, 0.279273, 0.276141, 0.267400, 0.258036, 0.254510, 0.256967, 0.259721, 0.258281, 0.252593, 0.245277, 0.239197, 0.236385, 0.237203, 0.239979, 0.241280, 0.237756, 0.229671, 0.221783, 0.219059, 0.221369, 0.224557, 0.225240, 0.222628, 0.217964, 0.213536, 0.211465, 0.212830, 0.216703, 0.219898, 0.218948, 0.213497, 0.207351, 0.205080, 0.207468, 0.211512, 0.214137, 0.214160, 0.212113, 0.209680, 0.208996, 0.211463, 0.215801, 0.218479, 0.217007, 0.212690, 0.209604, 0.210345, 0.213751, 0.216990, 0.218482, 0.218446, 0.218297, 0.219476, 0.222504, 0.226314, 0.228526, 0.227851, 0.225938, 0.225667, 0.227426, 0.229577, 0.230954, 0.231865, 0.233210, 0.235739, 0.239271, 0.242812, 0.245287, 0.246459, 0.247051, 0.248036, 0.249016, 0.249002, 0.248168, 0.247814, 0.248771, 0.250719, 0.252834, 0.254442, 0.255506, 0.256483, 0.257904, 0.259562, 0.260132, 0.258250, 0.254775, 0.252220, 0.251906, 0.252836, 0.253316, 0.252572, 0.251136, 0.250222, 0.250796, 0.252776, 0.254939, 0.255126, 0.251799, 0.246210, 0.242041, 0.241891, 0.244575, 0.246975, 0.247170, 0.245363, 0.243042, 0.241983, 0.243501, 0.247555, 0.251949, 0.253253, 0.249734, 0.243457, 0.239171, 0.240329, 0.246011, 0.252345, 0.255957, 0.255778, 0.253088, 0.250665, 0.251299, 0.256095, 0.262674, 0.266188, 0.263374, 0.256173, 0.250699, 0.251750, 0.258414, 0.265805, 0.269466, 0.267925, 0.263177, 0.259144, 0.259206, 0.263386, 0.267667, 0.267108, 0.260512, 0.252120, 0.248214, 0.250892, 0.256062, 0.258364, 0.255781, 0.250141, 0.244865, 0.242336, 0.242575, 0.242833, 0.239767, 0.232705, 0.224632, 0.219732, 0.219169, 0.220221, 0.219391, 0.215679, 0.210746, 0.206700, 0.204243, 0.202462, 0.199846, 0.195420, 0.189445, 0.183600, 0.179656, 0.177757, 0.176422, 0.174409, 0.171863, 0.169618, 0.168221, 0.167399, 0.166346, 0.164467, 0.161782, 0.158798, 0.156242, 0.154507, 0.153420, 0.152583, 0.151979, 0.151924, 0.152644, 0.153966, 0.155372, 0.156355, 0.156826, 0.157048, 0.157403, 0.158144, 0.159109, 0.160005, 0.160903, 0.162338, 0.164824, 0.168370, 0.172387, 0.176056, 0.178878, 0.181056, 0.183273, 0.186237, 0.190076, 0.193915, 0.196631, 0.198152, 0.199842, 0.203446, 0.209280, 0.215713, 0.220803, 0.223757, 0.225210, 0.226807, 0.230301, 0.236090, 0.242139, 0.245359, 0.244771, 0.243061, 0.244631, 0.251109, 0.259208, 0.264258, 0.264513, 0.261875, 0.259938, 0.261639, 0.267204, 0.273600, 0.276319, 0.272874, 0.265886, 0.262385, 0.266745, 0.274971, 0.279671, 0.277492, 0.270632, 0.264078, 0.261709, 0.264016, 0.268298, 0.270474, 0.267425, 0.259387, 0.251127, 0.248821, 0.253248, 0.258332, 0.258134, 0.252069, 0.243885, 0.237497, 0.234635, 0.235015, 0.236824, 0.237362, 0.234370, 0.227804, 0.220840, 0.217866, 0.219720, 0.222557, 0.222457, 0.218878, 0.213731, 0.209112, 0.206382, 0.205987, 0.207390, 0.209272, 0.209659, 0.207060, 0.202728, 0.200157, 0.200906, 0.202854, 0.203538, 0.202568, 0.200776, 0.199055, 0.198123, 0.198325, 0.199581, 0.201362, 0.202295, 0.201264, 0.199314, 0.198687, 0.199516, 0.199974, 0.199401, 0.198734, 0.198532, 0.198706, 0.199213, 0.199984, 0.200917, 0.201853, 0.202444, 0.202774, 0.203488, 0.204302, 0.204376, 0.204276, 0.205114, 0.206444, 0.207407, 0.208460, 0.210247, 0.212454, 0.214687, 0.216792, 0.218624, 0.220150, 0.221415, 0.222771, 0.224803, 0.226890, 0.227580, 0.227083, 0.227652, 0.230624, 0.234589, 0.237264, 0.237908, 0.237525, 0.237515, 0.238688, 0.241068, 0.243600, 0.244335, 0.242142, 0.238545, 0.237068, 0.239691, 0.244460, 0.247578, 0.247030, 0.243690, 0.240174, 0.238981, 0.240863, 0.244207, 0.246164, 0.244699, 0.240091, 0.235169, 0.233612, 0.236893, 0.242711, 0.247036, 0.247232, 0.243525, 0.238529, 0.235622, 0.236814, 0.241365, 0.246222, 0.248184, 0.246294, 0.242498, 0.240302, 0.242367, 0.248460, 0.255348, 0.259085, 0.257891, 0.253388, 0.249443, 0.249581, 0.254356, 0.260930, 0.265431, 0.265886, 0.263516, 0.261718, 0.263376, 0.268387, 0.273793, 0.276000, 0.273432, 0.268135, 0.264606, 0.265706, 0.269927, 0.273471, 0.273937, 0.271838, 0.269584, 0.269175, 0.270480, 0.271669, 0.270669, 0.266630, 0.260927, 0.256416, 0.254668, 0.254335, 0.252971, 0.250029, 0.247110, 0.245478, 0.244474, 0.242792, 0.239912, 0.235899, 0.231073, 0.226008, 0.221300, 0.217048, 0.212814, 0.208470, 0.204924, 0.203022, 0.201963, 0.200277, 0.197934, 0.195804, 0.193881, 0.191463, 0.188294, 0.184483, 0.180348, 0.176462, 0.173455, 0.171820, 0.171264, 0.170610, 0.169274, 0.168276, 0.168907, 0.170718, 0.171923, 0.171398, 0.169410, 0.166965, 0.165057, 0.164455, 0.165346, 0.167090, 0.168439, 0.168535, 0.168136, 0.169398, 0.173464, 0.178715, 0.182528, 0.183717, 0.182838, 0.181431, 0.181413, 0.184090, 0.189185, 0.194900, 0.198880, 0.199892, 0.199503, 0.201416, 0.207715, 0.216153, 0.222654, 0.224930, 0.223540, 0.221213, 0.221410, 0.226323, 0.234999, 0.243361, 0.247150, 0.245768, 0.243325, 0.245384, 0.253209, 0.262357, 0.267259, 0.265796, 0.260526, 0.256722, 0.258628, 0.266099, 0.274425, 0.278014, 0.275155, 0.269781, 0.268341, 0.273110, 0.279790, 0.282547, 0.279090, 0.271754, 0.265635, 0.264979, 0.269508, 0.274407, 0.274750, 0.269837, 0.263580, 0.260747, 0.262200, 0.264601, 0.264138, 0.259467, 0.252173, 0.245560, 0.242581, 0.243587, 0.245815, 0.245618, 0.241623, 0.236020, 0.232343, 0.231567, 0.231737, 0.230707, 0.227720, 0.223162, 0.218257, 0.214726, 0.213824, 0.215118, 0.216426, 0.215577, 0.212679, 0.210051, 0.209313, 0.209693, 0.209645, 0.208556, 0.206627, 0.204466, 0.202877, 0.202550, 0.203763, 0.205754, 0.206539, 0.205266, 0.203828, 0.204350, 0.206037, 0.206713, 0.205810, 0.204274, 0.203120, 0.202926, 0.203750, 0.205194, 0.206481, 0.206480, 0.205103, 0.204560, 0.206903, 0.210147, 0.210626, 0.208269, 0.206350, 0.206852, 0.208909, 0.210952, 0.211989, 0.211673, 0.210553, 0.210170, 0.212414, 0.217100, 0.220459, 0.219162, 0.215279, 0.214574, 0.218774, 0.223726, 0.225624, 0.224326, 0.221955, 0.220924, 0.222711, 0.227104, 0.231800, 0.233177, 0.229547, 0.224354, 0.223865, 0.229627, 0.236242, 0.238217, 0.234990, 0.230082, 0.227492, 0.228806, 0.232956, 0.237289, 0.238829, 0.235891, 0.229886, 0.225634, 0.227581, 0.234363, 0.240047, 0.240548, 0.236618, 0.231928, 0.229769, 0.231324, 0.235568, 0.239984, 0.241987, 0.240297, 0.236048, 0.233089, 0.235355, 0.242393, 0.249272, 0.251857, 0.250180, 0.247345, 0.246495, 0.248885, 0.253809, 0.259253, 0.262824, 0.263009, 0.260998, 0.260724, 0.265438, 0.273449, 0.279576, 0.280810, 0.278842, 0.277675, 0.279495, 0.283572, 0.287810, 0.290329, 0.290456, 0.289458, 0.290175, 0.294586, 0.300553, 0.303377, 0.301557, 0.298651, 0.298435, 0.300326, 0.301374, 0.299972, 0.296833, 0.294140, 0.293845, 0.295875, 0.297987, 0.297369, 0.293535, 0.289564, 0.288706, 0.289502, 0.287707, 0.281880, 0.274554, 0.269206, 0.267426, 0.268042, 0.268164, 0.265276, 0.259261, 0.253220, 0.251030, 0.252392, 0.252553, 0.247924, 0.239411, 0.230777, 0.225355, 0.224009, 0.225005, 0.225393, 0.222861, 0.217110, 0.210680, 0.207668, 0.209332, 0.211899, 0.210890, 0.205414, 0.198034, 0.191982, 0.189342, 0.190384, 0.193673, 0.196537, 0.196248, 0.192221, 0.187477, 0.186409, 0.189856, 0.194084, 0.195327, 0.192899, 0.188654, 0.185230, 0.184766, 0.188096, 0.194236, 0.200250, 0.202501, 0.200079, 0.196972, 0.198438, 0.204255, 0.209684, 0.211663, 0.210554, 0.208427, 0.207746, 0.210368, 0.216424, 0.223914, 0.229198, 0.229888, 0.228385, 0.230359, 0.236928, 0.242959, 0.244776, 0.243653, 0.242683, 0.243721, 0.246996, 0.251598, 0.256043, 0.258834, 0.259719, 0.261238, 0.266075, 0.271945, 0.274136, 0.272295, 0.270462, 0.271173, 0.273082, 0.274083, 0.273696, 0.272762, 0.272473, 0.273728, 0.276625, 0.279749, 0.280475, 0.277780, 0.274410, 0.273816, 0.275140, 0.274819, 0.271397, 0.266663, 0.263236, 0.262480, 0.263985, 0.265905, 0.266041, 0.263342, 0.258927, 0.255687, 0.255663, 0.257415, 0.257456, 0.253975, 0.248384, 0.243772, 0.242463, 0.244661, 0.248443, 0.250920, 0.249946, 0.245638, 0.240998, 0.239689, 0.242455, 0.246467, 0.248310, 0.246573, 0.242269, 0.238296, 0.237863, 0.242092, 0.248691, 0.253381, 0.252974, 0.247962, 0.242700, 0.241886, 0.246037, 0.251540, 0.254351, 0.252784, 0.248139, 0.243857, 0.243598, 0.248425, 0.254753, 0.256854, 0.252476, 0.245129, 0.240951, 0.242403, 0.246355, 0.248284, 0.245995, 0.240518, 0.235043, 0.232730, 0.234518, 0.237732, 0.237694, 0.232284, 0.224483, 0.219974, 0.220552, 0.222276, 0.221091, 0.216582, 0.210909, 0.206474, 0.204425, 0.204397, 0.204452, 0.202255, 0.197176, 0.191475, 0.188660, 0.189043, 0.189369, 0.187171, 0.183261, 0.179841, 0.177932, 0.177217, 0.176883, 0.176088, 0.174353, 0.171659, 0.169019, 0.168005, 0.168709, 0.169197, 0.168146, 0.166539, 0.166010, 0.166737, 0.167829, 0.168599, 0.168922, 0.168870, 0.168686, 0.168760, 0.169616, 0.171411, 0.173317, 0.174259, 0.174665, 0.176275, 0.179633, 0.183326, 0.186132, 0.188135, 0.189887, 0.191755, 0.194123, 0.197181, 0.200773, 0.204375, 0.206988, 0.208459, 0.210773, 0.215874, 0.222322, 0.226937, 0.229027, 0.230392, 0.232675, 0.236189, 0.240539, 0.244844, 0.248147, 0.249633, 0.249631, 0.250839, 0.256167, 0.263949, 0.268587, 0.267641, 0.264596, 0.264563, 0.268289, 0.272926, 0.275715, 0.275502, 0.272663, 0.269219, 0.268483, 0.272865, 0.279911, 0.282830, 0.277998, 0.269642, 0.265670, 0.268110, 0.272210, 0.273181, 0.269582, 0.262787, 0.256016, 0.252555, 0.253940, 0.258246, 0.260408, 0.256115, 0.246601, 0.238213, 0.235804, 0.237493, 0.238581, 0.236348, 0.230848, 0.223790, 0.217618, 0.214602, 0.215458, 0.217934, 0.218056, 0.213573, 0.206068, 0.199434, 0.196318, 0.196245, 0.197007, 0.196746, 0.194734, 0.191201, 0.187293, 0.184842, 0.185150, 0.187291, 0.188472, 0.186825, 0.182966, 0.179095, 0.176946, 0.176958, 0.178525, 0.180509, 0.181626, 0.181240, 0.179969, 0.179418, 0.180527, 0.182283, 0.182993, 0.182187, 0.180753, 0.179780, 0.179966, 0.181384, 0.183612, 0.185980, 0.187918, 0.189456, 0.191342, 0.193939, 0.196207, 0.197397, 0.198093, 0.198899, 0.199990, 0.201443, 0.203378, 0.205780, 0.208724, 0.212168, 0.216035, 0.220261, 0.224118, 0.227090, 0.229830, 0.232600, 0.234366, 0.234874, 0.235490, 0.236980, 0.239045, 0.241397, 0.243841, 0.246257, 0.248560, 0.250814, 0.253551, 0.257137, 0.259685, 0.258716, 0.255361, 0.253373, 0.254145, 0.255727, 0.256141, 0.255157, 0.253505, 0.252164, 0.252021, 0.253648, 0.256863, 0.259204, 0.257147, 0.250690, 0.244580, 0.242939, 0.244624, 0.246207, 0.245950, 0.243772, 0.240435, 0.237320, 0.236006, 0.237644, 0.241705, 0.244905, 0.243424, 0.237130, 0.230350, 0.227507, 0.229003, 0.232605, 0.236053, 0.237816, 0.237251, 0.234704, 0.231818, 0.231636, 0.235829, 0.241435, 0.243528, 0.240467, 0.235004, 0.231290, 0.231608, 0.235503, 0.240872, 0.245246, 0.246646, 0.244422, 0.240436, 0.238758, 0.241691, 0.246189, 0.247312, 0.243817, 0.238684, 0.235449, 0.235509, 0.238153, 0.241414, 0.243043, 0.241550, 0.237503, 0.233778, 0.232968, 0.233921, 0.233125, 0.229206, 0.224046, 0.220058, 0.218135, 0.217755, 0.217692, 0.216907, 0.215028, 0.212288, 0.209689, 0.207974, 0.206196, 0.203099, 0.199100, 0.195444, 0.192609, 0.190428, 0.188764, 0.187513, 0.186567, 0.185936, 0.185508, 0.185102, 0.184411, 0.183107, 0.181415, 0.179741, 0.177984, 0.176152, 0.174627, 0.173767, 0.173577, 0.173808, 0.174251, 0.174761, 0.175213, 0.175525, 0.175843, 0.176301, 0.176392, 0.175380, 0.173586, 0.172283, 0.172416, 0.173809, 0.175633, 0.177244, 0.178370, 0.179027, 0.179587, 0.180677, 0.182890, 0.185886, 0.187945, 0.187740, 0.186170, 0.185717, 0.187944, 0.192418, 0.197730, 0.202393, 0.205285, 0.206177, 0.205943, 0.206745, 0.210716, 0.217258, 0.222752, 0.224082, 0.221904, 0.220046, 0.221979, 0.228144, 0.236126, 0.242744, 0.245786, 0.244552, 0.240767, 0.238913, 0.243101, 0.251593, 0.257795, 0.257246, 0.251536, 0.246623, 0.247235, 0.252912, 0.259658, 0.263317, 0.261837, 0.255944, 0.249178, 0.246636, 0.250439, 0.256395, 0.257707, 0.251931, 0.243375, 0.238450, 0.239054, 0.242055, 0.243538, 0.241349, 0.235483, 0.227820, 0.221386, 0.218845, 0.219906, 0.220787, 0.217785, 0.210934, 0.203962, 0.200137, 0.199171, 0.198653, 0.196760, 0.193084, 0.187958, 0.182314, 0.177488, 0.174709, 0.173867, 0.173135, 0.170724, 0.166777, 0.163072, 0.160753, 0.159447, 0.158352, 0.157027, 0.155346, 0.153334, 0.151305, 0.149601, 0.148661, 0.148653, 0.148840, 0.148435, 0.147651, 0.147285, 0.147354, 0.147520, 0.147723, 0.148085, 0.148648, 0.149432, 0.150460, 0.151694, 0.153219, 0.154869, 0.156520, 0.158282, 0.160276, 0.162175, 0.163706, 0.165356, 0.167638, 0.170420, 0.173194, 0.175904, 0.178769, 0.181992, 0.185690, 0.189848, 0.194040, 0.197455, 0.199656, 0.201361, 0.204160, 0.208440, 0.212805, 0.215624, 0.216960, 0.218355, 0.221458, 0.226655, 0.232597, 0.237109, 0.238555, 0.237534, 0.236980, 0.239733, 0.244960, 0.249080, 0.249605, 0.247030, 0.244158, 0.244317, 0.248745, 0.255181, 0.259350, 0.258357, 0.253170, 0.248120, 0.247476, 0.251108, 0.255194, 0.255967, 0.252450, 0.246565, 0.241815, 0.241168, 0.245064, 0.250667, 0.253386, 0.250388, 0.243254, 0.236759, 0.234527, 0.236295, 0.239322, 0.240980, 0.239887, 0.236321, 0.231960, 0.229617, 0.231362, 0.236338, 0.240628, 0.240791, 0.236710, 0.231445, 0.228352, 0.228668, 0.231490, 0.235167, 0.238027, 0.238841, 0.237342, 0.235265, 0.235660, 0.239539, 0.243813, 0.244863, 0.242434, 0.239030, 0.236967, 0.237038, 0.238996, 0.241838, 0.244275, 0.245280, 0.244495, 0.243214, 0.243689, 0.245738, 0.246219, 0.243739, 0.240125, 0.237342, 0.235524, 0.234402, 0.233738, 0.233349, 0.233070, 0.232657, 0.232055, 0.231662, 0.231258, 0.229691, 0.226844, 0.223820, 0.220935, 0.217731, 0.214562, 0.212214, 0.210654, 0.209567, 0.208935, 0.208776, 0.208843, 0.208964, 0.208938, 0.208590, 0.207453, 0.205169, 0.202417, 0.200638, 0.199989, 0.199223, 0.197687, 0.196119, 0.195652, 0.196731, 0.198978, 0.201270, 0.202476, 0.201773, 0.199531, 0.197530, 0.197609, 0.199142, 0.199834, 0.198498, 0.195968, 0.194065, 0.194364, 0.197320, 0.201770, 0.205530, 0.206539, 0.204407, 0.201083, 0.199681, 0.201645, 0.205655, 0.209165, 0.210381, 0.209254, 0.207390, 0.207221, 0.210592, 0.217412, 0.224841, 0.229066, 0.228287, 0.224493, 0.221892, 0.223616, 0.229660, 0.237416, 0.243665, 0.246015, 0.244428, 0.241859, 0.243124, 0.250325, 0.259992, 0.266145, 0.265887, 0.261294, 0.257594, 0.258854, 0.265128, 0.273150, 0.278822, 0.279427, 0.275516, 0.271562, 0.273134, 0.280305, 0.286664, 0.286600, 0.280993, 0.275307, 0.273843, 0.276397, 0.279999, 0.281565, 0.279569, 0.274940, 0.270530, 0.269350, 0.271452, 0.272761, 0.269416, 0.262324, 0.256347, 0.254076, 0.253643, 0.252204, 0.248850, 0.244246, 0.239486, 0.235489, 0.232631, 0.230575, 0.227877, 0.223184, 0.217183, 0.212255, 0.209501, 0.207314, 0.203891, 0.199456, 0.195235, 0.191814, 0.188911, 0.186288, 0.183643, 0.180706, 0.177407, 0.173999, 0.171368, 0.170071, 0.169113, 0.167079, 0.164152, 0.161918, 0.161052, 0.160843, 0.160527, 0.159802, 0.158819, 0.157878, 0.157401, 0.157814, 0.159438, 0.161541, 0.162308, 0.161191, 0.160199, 0.161492, 0.164620, 0.167478, 0.168944, 0.169384, 0.169721, 0.171016, 0.173984, 0.178655, 0.183771, 0.186879, 0.186666, 0.185422, 0.187501, 0.193583, 0.199550, 0.202113, 0.201823, 0.201277, 0.202864, 0.207509, 0.214389, 0.221034, 0.224295, 0.222938, 0.220224, 0.222330, 0.230377, 0.238154, 0.240061, 0.236553, 0.232622, 0.232871, 0.237992, 0.245306, 0.251066, 0.252319, 0.248690, 0.243769, 0.243882, 0.250930, 0.258682, 0.260171, 0.254653, 0.247402, 0.244340, 0.247092, 0.253021, 0.258030, 0.258894, 0.254995, 0.248922, 0.245388, 0.247624, 0.253348, 0.256759, 0.254356, 0.247777, 0.241961, 0.240577, 0.243784, 0.249034, 0.252970, 0.253214, 0.249653, 0.244834, 0.242717, 0.245141, 0.249687, 0.252429, 0.251539, 0.248263, 0.245615, 0.246286, 0.250768, 0.256922, 0.261546, 0.262497, 0.260163, 0.257493, 0.257818, 0.261467, 0.265517, 0.267278, 0.266614, 0.265494, 0.266368, 0.270199, 0.275668, 0.279920, 0.280612, 0.278219, 0.276135, 0.277020, 0.279510, 0.280366, 0.278400, 0.275512, 0.274601, 0.276677, 0.280061, 0.282109, 0.281239, 0.278098, 0.275213, 0.274939, 0.276132, 0.274718, 0.268957, 0.262071, 0.258829, 0.260052, 0.262221, 0.261791, 0.258053, 0.253033, 0.249684, 0.249460, 0.250744, 0.249726, 0.243847, 0.234652, 0.227351, 0.226003, 0.228798, 0.230361, 0.227511, 0.221338, 0.215536, 0.213190, 0.214482, 0.216821, 0.216708, 0.211910, 0.203409, 0.195607, 0.193027, 0.195734, 0.199544, 0.200425, 0.197228, 0.191961, 0.188123, 0.188019, 0.191145, 0.194930, 0.196324, 0.193522, 0.187475, 0.181896, 0.180822, 0.185015, 0.191328, 0.195718, 0.196332, 0.194212, 0.192135, 0.192731, 0.196926, 0.202972, 0.207510, 0.208133, 0.205184, 0.201935, 0.202618, 0.208703, 0.217233, 0.223759, 0.226282, 0.226208, 0.226676, 0.230076, 0.236228, 0.242600, 0.246061, 0.245629, 0.243874, 0.245012, 0.250761, 0.258528, 0.264248, 0.266389, 0.267153, 0.269822, 0.275070, 0.280512, 0.283495, 0.283382, 0.281951, 0.282167, 0.285348, 0.289595, 0.292000, 0.291819, 0.291452, 0.293642, 0.297874, 0.300892, 0.300442, 0.297305, 0.294494, 0.294177, 0.295614, 0.296060, 0.293669, 0.289427, 0.286432, 0.287001, 0.290037, 0.291649, 0.289082, 0.283268, 0.277700, 0.275297, 0.276037, 0.277241, 0.275679, 0.270273, 0.263297, 0.258932, 0.259717, 0.263702, 0.266287, 0.264389, 0.258395, 0.251345, 0.246845, 0.246907, 0.250401, 0.253820, 0.253755, 0.249088, 0.242220, 0.238065, 0.239960, 0.246054, 0.251232, 0.251823, 0.247652, 0.241397, 0.236757, 0.236659, 0.241521, 0.248329, 0.252020, 0.249354, 0.242320, 0.237112, 0.238541, 0.244804, 0.250215, 0.250832, 0.246637, 0.240525, 0.236266, 0.236665, 0.241563, 0.247143, 0.248067, 0.242394, 0.234464, 0.231615, 0.235179, 0.239368, 0.239239, 0.234698, 0.228570, 0.223899, 0.222567, 0.224230, 0.226429, 0.225819, 0.220896, 0.214393, 0.211625, 0.213452, 0.214935, 0.212372, 0.207130, 0.202463, 0.199878, 0.198942, 0.198645, 0.197913, 0.196033, 0.192861, 0.189840, 0.189002, 0.189890, 0.189482, 0.186506, 0.182999, 0.181231, 0.180891, 0.180634, 0.179913, 0.178900, 0.177857, 0.177144, 0.177017, 0.177580, 0.178313, 0.177997, 0.176330, 0.174977, 0.175403, 0.176789, 0.177578, 0.177605, 0.177673, 0.178355, 0.179845, 0.181968, 0.184277, 0.186236, 0.187302, 0.187350, 0.187594, 0.189705, 0.193575, 0.197114, 0.198961, 0.199894, 0.201647, 0.205030, 0.209668, 0.214521, 0.218513, 0.220825, 0.221475, 0.221980, 0.224664, 0.230398, 0.236854, 0.240567, 0.240679, 0.240139, 0.242547, 0.248409, 0.255163, 0.259874, 0.260979, 0.258996, 0.256731, 0.257811, 0.263739, 0.271290, 0.274922, 0.272254, 0.266716, 0.264791, 0.269277, 0.276490, 0.280487, 0.278264, 0.271479, 0.264780, 0.262777, 0.266605, 0.272719, 0.275248, 0.270824, 0.261869, 0.255045, 0.255160, 0.259867, 0.262917, 0.260222, 0.252131, 0.242520, 0.236099, 0.235380, 0.238632, 0.241271, 0.239476, 0.232713, 0.224172, 0.218423, 0.217455, 0.219027, 0.219232, 0.215860, 0.209306, 0.201981, 0.196879, 0.195785, 0.197976, 0.200481, 0.200324, 0.196685, 0.191274, 0.186691, 0.184493, 0.184561, 0.185415, 0.185266, 0.183299, 0.180199, 0.177796, 0.177790, 0.180240, 0.183226, 0.184585, 0.183698, 0.181428, 0.179193, 0.178058, 0.178271, 0.179255, 0.180028, 0.179954, 0.179566, 0.180376, 0.183000, 0.186122, 0.188300, 0.189353, 0.189777, 0.189982, 0.190193, 0.190497, 0.190980, 0.191579, 0.192300, 0.193689, 0.196337, 0.199810, 0.203027, 0.205982, 0.209491, 0.213123, 0.215670, 0.217182, 0.218359, 0.219453, 0.220639, 0.222074, 0.223752, 0.225597, 0.227510, 0.229914, 0.233890, 0.239127, 0.242957, 0.243805, 0.243756, 0.245399, 0.247968, 0.249367, 0.248941, 0.247306, 0.245487, 0.244782, 0.246245, 0.250040, 0.254323, 0.255659, 0.252822, 0.249220, 0.249177, 0.252272, 0.254615, 0.253640, 0.249536, 0.244192, 0.240101, 0.239142, 0.241812, 0.246594, 0.250009, 0.248837, 0.243395, 0.237941, 0.236619, 0.239192, 0.242321, 0.243301, 0.241339, 0.237198, 0.232764, 0.230696, 0.233077, 0.239282, 0.245523, 0.247684, 0.244631, 0.239090, 0.235320, 0.235750, 0.239660, 0.244453, 0.247494, 0.247335, 0.244436, 0.241504, 0.242227, 0.247748, 0.254530, 0.257768, 0.255863, 0.250935, 0.246628, 0.245766, 0.248722, 0.253258, 0.256034, 0.255064, 0.251351, 0.248582, 0.249665, 0.253227, 0.255273, 0.253536, 0.248793, 0.243596, 0.240224, 0.239366, 0.239913, 0.239847, 0.237629, 0.233765, 0.230801, 0.230211, 0.230173, 0.228284, 0.224428, 0.219863, 0.215542, 0.211793, 0.208604, 0.205763, 0.202959, 0.199978, 0.197290, 0.195590, 0.194518, 0.192846, 0.190395, 0.188010, 0.185811, 0.183183, 0.180191, 0.177356, 0.174866, 0.172782, 0.171167, 0.169976, 0.169091, 0.168273, 0.167430, 0.167090, 0.167503, 0.167591, 0.166271, 0.164277, 0.163043, 0.162764, 0.162804, 0.162827, 0.162710, 0.162456, 0.162245, 0.162389, 0.163521, 0.166070, 0.168862, 0.169820, 0.168746, 0.167721, 0.168601, 0.171297, 0.174677, 0.177718, 0.179816, 0.180892, 0.181397, 0.182421, 0.185581, 0.191454, 0.197786, 0.201126, 0.200610, 0.199164, 0.200532, 0.205608, 0.212552, 0.219012, 0.223193, 0.224333, 0.223241, 0.222680, 0.226237, 0.234714, 0.243689, 0.247401, 0.244688, 0.240262, 0.240221, 0.246015, 0.254137, 0.260172, 0.261673, 0.258805, 0.254178, 0.252144, 0.256213, 0.264639, 0.270538, 0.268813, 0.261357, 0.255477, 0.256372, 0.261817, 0.266107, 0.265733, 0.260769, 0.253839, 0.248509, 0.247479, 0.250457, 0.253739, 0.252772, 0.246352, 0.238443, 0.234609, 0.235576, 0.237145, 0.235749, 0.230941, 0.224255, 0.217864, 0.213649, 0.212288, 0.212752, 0.212710, 0.210095, 0.205016, 0.200019, 0.197414, 0.196767, 0.195918, 0.193506, 0.189758, 0.185684, 0.182292, 0.180277, 0.179873, 0.180577, 0.181085, 0.180267, 0.178409, 0.176767, 0.176039, 0.175639, 0.174731, 0.173198, 0.171561, 0.170427, 0.170214, 0.171013, 0.172510, 0.174021, 0.175007, 0.175575, 0.176315, 0.177308, 0.177827, 0.177407, 0.176511, 0.175923, 0.176165, 0.177350, 0.179136, 0.181020, 0.182796, 0.184920, 0.187980, 0.191619, 0.194388, 0.195426, 0.195576, 0.196266, 0.197894, 0.199931, 0.201614, 0.202606, 0.203407, 0.205291, 0.209489, 0.215563, 0.220651, 0.222216, 0.221552, 0.222352, 0.225863, 0.229878, 0.231990, 0.231424, 0.229216, 0.227674, 0.229232, 0.234646, 0.241506, 0.245228, 0.243437, 0.239212, 0.238432, 0.242720, 0.247877, 0.249559, 0.246819, 0.241592, 0.236929, 0.235634, 0.239026, 0.245550, 0.250633, 0.249988, 0.244046, 0.238358, 0.238030, 0.242140, 0.246090, 0.246761, 0.243752, 0.238562, 0.233781, 0.232105, 0.235074, 0.241678, 0.247837, 0.249020, 0.244657, 0.239195, 0.237576, 0.240174, 0.244184, 0.247155, 0.247896, 0.246434, 0.243983, 0.242798, 0.245407, 0.252293, 0.259741, 0.262806, 0.260541, 0.256728, 0.255599, 0.257910, 0.261693, 0.264806, 0.266156, 0.265832, 0.264896, 0.265315, 0.268942, 0.274767, 0.278602, 0.277739, 0.274319, 0.272339, 0.272734, 0.273526, 0.273149, 0.271588, 0.269665, 0.268415, 0.268546, 0.269774, 0.270676, 0.269707, 0.266974, 0.264326, 0.262723, 0.260723, 0.256893, 0.252088, 0.248044, 0.245409, 0.243667, 0.241875, 0.239383, 0.236398, 0.233846, 0.232437, 0.231390, 0.228858, 0.224130, 0.218799, 0.214954, 0.212870, 0.211227, 0.208701, 0.204995, 0.201114, 0.198690, 0.198564, 0.199775, 0.199912, 0.197177, 0.192436, 0.188631, 0.187573, 0.188310, 0.188749, 0.187550, 0.184652, 0.181265, 0.179345, 0.180439, 0.184065, 0.187412, 0.187668, 0.184678, 0.181086, 0.179939, 0.182106, 0.186049, 0.189476, 0.190855, 0.189967, 0.187914, 0.187066, 0.189970, 0.196636, 0.203442, 0.206426, 0.205022, 0.202300, 0.202112, 0.206038, 0.212887, 0.220103, 0.225061, 0.226263, 0.224511, 0.223338, 0.227064, 0.236030, 0.245016, 0.248640, 0.246745, 0.244094, 0.245470, 0.251558, 0.259690, 0.266432, 0.269422, 0.268417, 0.265999, 0.266987, 0.273933, 0.282479, 0.285708, 0.282365, 0.278145, 0.279092, 0.284781, 0.290475, 0.292764, 0.291574, 0.288991, 0.287445, 0.288561, 0.291974, 0.294491, 0.292505, 0.286645, 0.282543, 0.284255, 0.288391, 0.289129, 0.285374, 0.280583, 0.277720, 0.276852, 0.276594, 0.275394, 0.272207, 0.267104, 0.261556, 0.258186, 0.258532, 0.260144, 0.258670, 0.253292, 0.247779, 0.245444, 0.245384, 0.244944, 0.242742, 0.238775, 0.233900, 0.229454, 0.226890, 0.227092, 0.229065, 0.229761, 0.226901, 0.221929, 0.218842, 0.219499, 0.221700, 0.222490, 0.220941, 0.217793, 0.214366, 0.212257, 0.212758, 0.216062, 0.220090, 0.221211, 0.217943, 0.213407, 0.212368, 0.215486, 0.219105, 0.220087, 0.218033, 0.214469, 0.211763, 0.211868, 0.215260, 0.220158, 0.222766, 0.220298, 0.214882, 0.212554, 0.215811, 0.220359, 0.221377, 0.218222, 0.213546, 0.210698, 0.211562, 0.215538, 0.219762, 0.220679, 0.217049, 0.212271, 0.211863, 0.216456, 0.220579, 0.219718, 0.214661, 0.209771, 0.208522, 0.211107, 0.215180, 0.217639, 0.216457, 0.212406, 0.209478, 0.211263, 0.216007, 0.218478, 0.216081, 0.210830, 0.206734, 0.206188, 0.208770, 0.212058, 0.213479, 0.211968, 0.208782, 0.206932, 0.208645, 0.212435, 0.214401, 0.212521, 0.208384, 0.204967, 0.204179, 0.206114, 0.209414, 0.212108, 0.212707, 0.211267, 0.209937, 0.211318, 0.215246, 0.218690, 0.219333, 0.217650, 0.215714, 0.215446, 0.217774, 0.222289, 0.227493, 0.231499, 0.232998, 0.232845, 0.234187, 0.238853, 0.244434, 0.247388, 0.247238, 0.246326, 0.246979, 0.250148, 0.255432, 0.261470, 0.266411, 0.268574, 0.268606, 0.270149, 0.275640, 0.281706, 0.283284, 0.280354, 0.277542, 0.278386, 0.282240, 0.286563, 0.289360, 0.289930, 0.288908, 0.288343, 0.290957, 0.296563, 0.299498, 0.295064, 0.286497, 0.281951, 0.284224, 0.288233, 0.288828, 0.285108, 0.279447, 0.275219, 0.274821, 0.277863, 0.281014, 0.279527, 0.271134, 0.259904, 0.253789, 0.255309, 0.258757, 0.257975, 0.251963, 0.243844, 0.237557, 0.235389, 0.236887, 0.239230, 0.238603, 0.232464, 0.222302, 0.213455, 0.210380, 0.212148, 0.214194, 0.213074, 0.208465, 0.202500, 0.197958, 0.196531, 0.198041, 0.200507, 0.200885, 0.197169, 0.190353, 0.184205, 0.182122, 0.184057, 0.187347, 0.189388, 0.189079, 0.186930, 0.184660, 0.184278, 0.186527, 0.189953, 0.191824, 0.190479, 0.187009, 0.184433, 0.185037, 0.188554, 0.192896, 0.196157, 0.197619, 0.198087, 0.199078, 0.201787, 0.205812, 0.208938, 0.209549, 0.208652, 0.208793, 0.211058, 0.214698, 0.218474, 0.221685, 0.224511, 0.227647, 0.231625, 0.236033, 0.239736, 0.241633, 0.242381, 0.243783, 0.246322, 0.248692, 0.250065, 0.251329, 0.253671, 0.257261, 0.261163, 0.264438, 0.266484, 0.267409, 0.268063, 0.269652, 0.271690, 0.272066, 0.269875, 0.267281, 0.267250, 0.269952, 0.272780, 0.273375, 0.271872, 0.269906, 0.269016, 0.269663, 0.271219, 0.271686, 0.269008, 0.263164, 0.257558, 0.256300, 0.259533, 0.263128, 0.263359, 0.259888, 0.255048, 0.251607, 0.251080, 0.253078, 0.255628, 0.256109, 0.252740, 0.246194, 0.240276, 0.239463, 0.244315, 0.250586, 0.253609, 0.252005, 0.247570, 0.243248, 0.241495, 0.243464, 0.248289, 0.252964, 0.253946, 0.249877, 0.243619, 0.240842, 0.244755, 0.252379, 0.258030, 0.258659, 0.255154, 0.250436, 0.247568, 0.248409, 0.252682, 0.257468, 0.258640, 0.254252, 0.247630, 0.245213, 0.249138, 0.254510, 0.256037, 0.252913, 0.247607, 0.243106, 0.241077, 0.241456, 0.242561, 0.242000, 0.238051, 0.232003, 0.228155, 0.228763, 0.230566, 0.229180, 0.224525, 0.219550, 0.216101, 0.213816, 0.211822, 0.209531, 0.206422, 0.202546, 0.198765, 0.196377, 0.195573, 0.194517, 0.191750, 0.188307, 0.185995, 0.184612, 0.182984, 0.180936, 0.178800, 0.176883, 0.175315, 0.174112, 0.173208, 0.172352, 0.171211, 0.169872, 0.169088, 0.169065, 0.168830, 0.167796, 0.166612, 0.166173, 0.166615, 0.167430, 0.168040, 0.168239, 0.168149, 0.168021, 0.168371, 0.169636, 0.171487, 0.172861, 0.173017, 0.172567, 0.173062, 0.175387, 0.179077, 0.182867, 0.185628, 0.187017, 0.187626, 0.188748, 0.191556, 0.196003, 0.200671, 0.203714, 0.204433, 0.204297, 0.205933, 0.210888, 0.218155, 0.224886, 0.228560, 0.228750, 0.227546, 0.228411, 0.233261, 0.240454, 0.246150, 0.247630, 0.245537, 0.243311, 0.244980, 0.251966, 0.261011, 0.266510, 0.265416, 0.259788, 0.255528, 0.257271, 0.263792, 0.269672, 0.270427, 0.265778, 0.259495, 0.256705, 0.259939, 0.266824, 0.271722, 0.270079, 0.262040, 0.253184, 0.249935, 0.252788, 0.256476, 0.256150, 0.250962, 0.243459, 0.237535, 0.235887, 0.238088, 0.240856, 0.240314, 0.234656, 0.225766, 0.218241, 0.215428, 0.216083, 0.216471, 0.214161, 0.209416, 0.204168, 0.200322, 0.198822, 0.199296, 0.200202, 0.199412, 0.195580, 0.189662, 0.184407, 0.181934, 0.181905, 0.182410, 0.182164, 0.181038, 0.179677, 0.178817, 0.178839, 0.179619, 0.180501, 0.180540, 0.178887, 0.175995, 0.173679, 0.173144, 0.173808, 0.174528, 0.175103, 0.175942, 0.177339, 0.179206, 0.181117, 0.182724, 0.183700, 0.183834, 0.183363, 0.183109, 0.183531, 0.184092, 0.184437, 0.185193, 0.187316, 0.190541, 0.193925, 0.197061, 0.200103, 0.203148, 0.206034, 0.208622, 0.210569, 0.211565, 0.211928, 0.212737, 0.215069, 0.218521, 0.221491, 0.223162, 0.224828, 0.228358, 0.233711, 0.238812, 0.241651, 0.241884, 0.240785, 0.240531, 0.242501, 0.245949, 0.248220, 0.247518, 0.244897, 0.243572, 0.246184, 0.252014, 0.257307, 0.258390, 0.254908, 0.249906, 0.247376, 0.248924, 0.252650, 0.254931, 0.253336, 0.248374, 0.243202, 0.241656, 0.245049, 0.250936, 0.254928, 0.254017, 0.248404, 0.241560, 0.237942, 0.239440, 0.244004, 0.247837, 0.248337, 0.245257, 0.240744, 0.238056, 0.239631, 0.245006, 0.250892, 0.253417, 0.251052, 0.245696, 0.241502, 0.241841, 0.246741, 0.253092, 0.257265, 0.257738, 0.255511, 0.253201, 0.253512, 0.257598, 0.263463, 0.267195, 0.266239, 0.261996, 0.258750, 0.259851, 0.264453, 0.269042, 0.270926, 0.269839, 0.267474, 0.266045, 0.266679, 0.268821, 0.270438, 0.269300, 0.265279, 0.261359, 0.260523, 0.261803, 0.261984, 0.259858, 0.256854, 0.254414, 0.252585, 0.250799, 0.248596, 0.245750, 0.242289, 0.238564, 0.235455, 0.233255, 0.230848, 0.227233, 0.223443, 0.221054, 0.219370, 0.216587, 0.212891, 0.209573, 0.206908, 0.204533, 0.202254, 0.199829, 0.197150, 0.194341, 0.191919, 0.190732, 0.190597, 0.189578, 0.186494, 0.183080, 0.181730, 0.182191, 0.182534, 0.181782, 0.180119, 0.178262, 0.176956, 0.176879, 0.178379, 0.180800, 0.181965, 0.180309, 0.177063, 0.175600, 0.177541, 0.181276, 0.184278, 0.185464, 0.185150, 0.184440, 0.184656, 0.187005, 0.191857, 0.197799, 0.201697, 0.201263, 0.198061, 0.196699, 0.200249, 0.207296, 0.214465, 0.219277, 0.221046, 0.220634, 0.220417, 0.223192, 0.230441, 0.239846, 0.246035, 0.245585, 0.240766, 0.238130, 0.242423, 0.251882, 0.261011, 0.265832, 0.265706, 0.263078, 0.261882, 0.265744, 0.274399, 0.282267, 0.283396, 0.277573, 0.271182, 0.271493, 0.278854, 0.286950, 0.290019, 0.287225, 0.282267, 0.279782, 0.281896, 0.286602, 0.289427, 0.286904, 0.279689, 0.272959, 0.271985, 0.276326, 0.280294, 0.279425, 0.274150, 0.268379, 0.265640, 0.266097, 0.267101, 0.265656, 0.260675, 0.253651, 0.247794, 0.245706, 0.246931, 0.248362, 0.247089, 0.242895, 0.238132, 0.235355, 0.234771, 0.234611, 0.233016, 0.229308, 0.224325, 0.220023, 0.218306, 0.219254, 0.221102, 0.221695, 0.220215, 0.217725, 0.216027, 0.215977, 0.216709, 0.216633, 0.214804, 0.211681, 0.208978, 0.208505, 0.210683, 0.213918, 0.215770, 0.215258, 0.213733, 0.213291, 0.214530, 0.216273, 0.216776, 0.214935, 0.211462, 0.208755, 0.209203, 0.212785, 0.216585, 0.217583, 0.215667, 0.213976, 0.215260, 0.218709, 0.221295, 0.220710, 0.217115, 0.212835, 0.211125, 0.213606, 0.218358, 0.221037, 0.219179, 0.215386, 0.215215, 0.220248, 0.226122, 0.228133, 0.225360, 0.220412, 0.217045, 0.217792, 0.221948, 0.225935, 0.226038, 0.221746, 0.217272, 0.218340, 0.225299, 0.232090, 0.233318, 0.229074, 0.223375, 0.220052, 0.220739, 0.224330, 0.227752, 0.227876, 0.223823, 0.218506, 0.217076, 0.221855, 0.229070, 0.232927, 0.231238, 0.226143, 0.221332, 0.219572, 0.221382, 0.225235, 0.228625, 0.229276, 0.226654, 0.223360, 0.223822, 0.229433, 0.236375, 0.240168, 0.239661, 0.236692, 0.234192, 0.234399, 0.237902, 0.243468, 0.248583, 0.250899, 0.250340, 0.249992, 0.253609, 0.260901, 0.267532, 0.270067, 0.269017, 0.267412, 0.267987, 0.271525, 0.276956, 0.281965, 0.284358, 0.284282, 0.284938, 0.289389, 0.296146, 0.300415, 0.299939, 0.297142, 0.295881, 0.297634, 0.300841, 0.302799, 0.302068, 0.299761, 0.298886, 0.301718, 0.306454, 0.308242, 0.304698, 0.299069, 0.296412, 0.297387, 0.298470, 0.296591, 0.291402, 0.285144, 0.281392, 0.282289, 0.285822, 0.286759, 0.281677, 0.272748, 0.266223, 0.265391, 0.267121, 0.266481, 0.261473, 0.253368, 0.245483, 0.241098, 0.241430, 0.244464, 0.245809, 0.241673, 0.232721, 0.224287, 0.221207, 0.222605, 0.224193, 0.222947, 0.218403, 0.211994, 0.206122, 0.203268, 0.204671, 0.208739, 0.211273, 0.208897, 0.202303, 0.195915, 0.193775, 0.195834, 0.199074, 0.200861, 0.200198, 0.197440, 0.194001, 0.192202, 0.194265, 0.199727, 0.204383, 0.204236, 0.199868, 0.195878, 0.195919, 0.199444, 0.203823, 0.206937, 0.207900, 0.207143, 0.206247, 0.207322, 0.211831, 0.217907, 0.220988, 0.219370, 0.216845, 0.217993, 0.222344, 0.226628, 0.229227, 0.230572, 0.231692, 0.233563, 0.236701, 0.240994, 0.245134, 0.247000, 0.246542, 0.246996, 0.250501, 0.254429, 0.255775, 0.255544, 0.256614, 0.259272, 0.261954, 0.263887, 0.264986, 0.265472, 0.265753, 0.266416, 0.267868, 0.269334, 0.268892, 0.266372, 0.264920, 0.266728, 0.269399, 0.269407, 0.266802, 0.264148, 0.263057, 0.263328, 0.263852, 0.263573, 0.261752, 0.258292, 0.254368, 0.252603, 0.254559, 0.257728, 0.257878, 0.253846, 0.248636, 0.245916, 0.246571, 0.248878, 0.250621, 0.250326, 0.247584, 0.243371, 0.240023, 0.240389, 0.245180, 0.250983, 0.252913, 0.249423, 0.243746, 0.240550, 0.241892, 0.246582, 0.251867, 0.254962, 0.254215, 0.250177, 0.246028, 0.246257, 0.252440, 0.260328, 0.263756, 0.260477, 0.253738, 0.249232, 0.250222, 0.255537, 0.261307, 0.263856, 0.261472, 0.255575, 0.250939, 0.252243, 0.258230, 0.262418, 0.260208, 0.252771, 0.245401, 0.242577, 0.244429, 0.247624, 0.248343, 0.244793, 0.238457, 0.233212, 0.232174, 0.234112, 0.234337, 0.229854, 0.222044, 0.214948, 0.211248, 0.210325, 0.209897, 0.207923, 0.203782, 0.198780, 0.195208, 0.194119, 0.193855, 0.191625, 0.186735, 0.180902, 0.176108, 0.172931, 0.170824, 0.168983, 0.166819, 0.164386, 0.162418, 0.161670, 0.162083, 0.162356, 0.161195, 0.158800, 0.156447, 0.154713, 0.153333, 0.152156, 0.151236, 0.150733, 0.150898, 0.151915, 0.153945, 0.156704, 0.159167, 0.160457, 0.161067, 0.162085, 0.163513, 0.164638, 0.165342, 0.166101, 0.167497, 0.169967, 0.173603, 0.178265, 0.183501, 0.188196, 0.191230, 0.193342, 0.196577, 0.201130, 0.204959, 0.206885, 0.207778, 0.209210, 0.212270, 0.217263, 0.223680, 0.230280, 0.235261, 0.237456, 0.238195, 0.241263, 0.247867, 0.253923, 0.255272, 0.252781, 0.250636, 0.251881, 0.256807, 0.263548, 0.269296, 0.271520, 0.269595, 0.266396, 0.267421, 0.274335, 0.281130, 0.281105, 0.274182, 0.266337, 0.263523, 0.266843, 0.272865, 0.276997, 0.276264, 0.270743, 0.263660, 0.260433, 0.263722, 0.269252, 0.269893, 0.263188, 0.252918, 0.245292, 0.243583, 0.246508, 0.250273, 0.251168, 0.247337, 0.239886, 0.232679, 0.229652, 0.231065, 0.233200, 0.232063, 0.226686, 0.219259, 0.213280, 0.211046, 0.212537, 0.215710, 0.217718, 0.216402, 0.211701, 0.206080, 0.202724, 0.202620, 0.204038, 0.204684, 0.203538, 0.200955, 0.198197, 0.196880, 0.198041, 0.201027, 0.203705, 0.204014, 0.201717, 0.198627, 0.196889, 0.196907, 0.197701, 0.198257, 0.198233, 0.197772, 0.197496, 0.198004, 0.199594, 0.201596, 0.202599, 0.202044, 0.201082, 0.200836, 0.200926, 0.200798, 0.200637, 0.200863, 0.201627, 0.202914, 0.204584, 0.206474, 0.208384, 0.210030, 0.211654, 0.213531, 0.215162, 0.215848, 0.216384, 0.217899, 0.219909, 0.221379, 0.222438, 0.224052, 0.226485, 0.229392, 0.232311, 0.234733, 0.236225, 0.236640, 0.236898, 0.238662, 0.242001, 0.244240, 0.243228, 0.240712, 0.240233, 0.242784, 0.246298, 0.248616, 0.248800, 0.247001, 0.244379, 0.242703, 0.243837, 0.247619, 0.250660, 0.249383, 0.244110, 0.239203, 0.238630, 0.242071, 0.246212, 0.248092, 0.246766, 0.242953, 0.238438, 0.235689, 0.236903, 0.242026, 0.247416, 0.248526, 0.244334, 0.238541, 0.236089, 0.238546, 0.243803, 0.248871, 0.251493, 0.250709, 0.247260, 0.243550, 0.242968, 0.247843, 0.256129, 0.262007, 0.261613, 0.256787, 0.252976, 0.253756, 0.258429, 0.264176, 0.268335, 0.269256, 0.266849, 0.263084, 0.261952, 0.266419, 0.273781, 0.277608, 0.274936, 0.269154, 0.265928, 0.267062, 0.270026, 0.271917, 0.271469, 0.268803, 0.265172, 0.262631, 0.262923, 0.265340, 0.265998, 0.262109, 0.255984, 0.252042, 0.250719, 0.249248, 0.246249, 0.242277, 0.238252, 0.234863, 0.232288, 0.230186, 0.227952, 0.224736, 0.220305, 0.215853, 0.212385, 0.208888, 0.204265, 0.199253, 0.195130, 0.192040, 0.189420, 0.186849, 0.184249, 0.181749, 0.179488, 0.177524, 0.175691, 0.173346, 0.169982, 0.166201, 0.163250, 0.161629, 0.160680, 0.159551, 0.158122, 0.156962, 0.156674, 0.157475, 0.159002, 0.160312, 0.160287, 0.158692, 0.156739, 0.156103, 0.157311, 0.159500, 0.161492, 0.162711, 0.163346, 0.164285, 0.166772, 0.171330, 0.176841, 0.181017, 0.182244, 0.181141, 0.180352, 0.182343, 0.187368, 0.193690, 0.199210, 0.202562, 0.203745, 0.204551, 0.207972, 0.215576, 0.224672, 0.230188, 0.229862, 0.226455, 0.225089, 0.228799, 0.236657, 0.245260, 0.251017, 0.252099, 0.249779, 0.248533, 0.253247, 0.263316, 0.271461, 0.271593, 0.264936, 0.258622, 0.258719, 0.264903, 0.272505, 0.276971, 0.276299, 0.271664, 0.267159, 0.267856, 0.274588, 0.281018, 0.280170, 0.271816, 0.262557, 0.259200, 0.262203, 0.266968, 0.269004, 0.266702, 0.261343, 0.255936, 0.253562, 0.255291, 0.258461, 0.258271, 0.252314, 0.243394, 0.237155, 0.236335, 0.238840, 0.241107, 0.241008, 0.238323, 0.234332, 0.231038, 0.229967, 0.231037, 0.232282, 0.231134, 0.226879, 0.221745, 0.219012, 0.219939, 0.222977, 0.225661, 0.226595, 0.225946, 0.224778, 0.224207, 0.224828, 0.226178, 0.226653, 0.225086, 0.222307, 0.220598, 0.221516, 0.224388, 0.227063, 0.228097, 0.227899, 0.227856, 0.228718, 0.230029, 0.230600, 0.229401, 0.226677, 0.224124, 0.223581, 0.225106, 0.226740, 0.226654, 0.225248, 0.224625, 0.226183, 0.228894, 0.230208, 0.228472, 0.224680, 0.221743, 0.221694, 0.223659, 0.224818, 0.223235, 0.219874, 0.217996, 0.219997, 0.224656, 0.228102, 0.227421, 0.223185, 0.219189, 0.219154, 0.222916, 0.226414, 0.225785, 0.221058, 0.216214, 0.215573, 0.219906, 0.225901, 0.229154, 0.227345, 0.221838, 0.216986, 0.216904, 0.221651, 0.226995, 0.228289, 0.224242, 0.217866, 0.214249, 0.216393, 0.222649, 0.228673, 0.230929, 0.228454, 0.222963, 0.218306, 0.218399, 0.223828, 0.230833, 0.234613, 0.233181, 0.228636, 0.225614, 0.227528, 0.233888, 0.241315, 0.246323, 0.247120, 0.244336, 0.240940, 0.241023, 0.246849, 0.255969, 0.262692, 0.263601, 0.260870, 0.259894, 0.263782, 0.271062, 0.278244, 0.282519, 0.283059, 0.281353, 0.280668, 0.284239, 0.291979, 0.299045, 0.300550, 0.297544, 0.296451, 0.301002, 0.307458, 0.310796, 0.310351, 0.308581, 0.307861, 0.309196, 0.312121, 0.314842, 0.314956, 0.311883, 0.308953, 0.310493, 0.314867, 0.315578, 0.310459, 0.304639, 0.303290, 0.304912, 0.305250, 0.302552, 0.297729, 0.292775, 0.289673, 0.289270, 0.290408, 0.289658, 0.283946, 0.274969, 0.269041, 0.269629, 0.272628, 0.272112, 0.266488, 0.258555, 0.252236, 0.249686, 0.250383, 0.251984, 0.251588, 0.247101, 0.238955, 0.231091, 0.228451, 0.231670, 0.235966, 0.236371, 0.231899, 0.225218, 0.219966, 0.218450, 0.220719, 0.224588, 0.226790, 0.224882, 0.218952, 0.212306, 0.209860, 0.213638, 0.220203, 0.224118, 0.222822, 0.217841, 0.212992, 0.211599, 0.214434, 0.219479, 0.223149, 0.222443, 0.217347, 0.211791, 0.211037, 0.216295, 0.223080, 0.225978, 0.223385, 0.218268, 0.215229, 0.216525, 0.220669, 0.224195, 0.224240, 0.220636, 0.216438, 0.215946, 0.220424, 0.226085, 0.228163, 0.225851, 0.222622, 0.222151, 0.224699, 0.227642, 0.228379, 0.226396, 0.223643, 0.222850, 0.225133, 0.228895, 0.231283, 0.231031, 0.229777, 0.230106, 0.232380, 0.234476, 0.234389, 0.232163, 0.229595, 0.228557, 0.229450, 0.231092, 0.231789, 0.231000, 0.229996, 0.230484, 0.232509, 0.234380, 0.234351, 0.232056, 0.228796, 0.226541, 0.226306, 0.227422, 0.228281, 0.227677, 0.225951, 0.224946, 0.226381, 0.229789, 0.232805, 0.233381, 0.231398, 0.228396, 0.226443, 0.226934, 0.229872, 0.233550, 0.235555, 0.234840, 0.233138, 0.233826, 0.238523, 0.245031, 0.249491, 0.249865, 0.247094, 0.243961, 0.243381, 0.246847, 0.253321, 0.259438, 0.261425, 0.258427, 0.254619, 0.256236, 0.264022, 0.271892, 0.274301, 0.270750, 0.264619, 0.260411, 0.261259, 0.266916, 0.273618, 0.276266, 0.272223, 0.264515, 0.261031, 0.266136, 0.273976, 0.276052, 0.270141, 0.260602, 0.253315, 0.251277, 0.253642, 0.257064, 0.257533, 0.252604, 0.243914, 0.237490, 0.238185, 0.242871, 0.244075, 0.238337, 0.228286, 0.219091, 0.213925, 0.212718, 0.213345, 0.213105, 0.209984, 0.203779, 0.196865, 0.192981, 0.193261, 0.194294, 0.192108, 0.186151, 0.178810, 0.172661, 0.169031, 0.167923, 0.168276, 0.168485, 0.167176, 0.164158, 0.160841, 0.159132, 0.159224, 0.159397, 0.158147, 0.155467, 0.152448, 0.150378, 0.149959, 0.151143, 0.153280, 0.155374, 0.156610, 0.157152, 0.158063, 0.159784, 0.161635, 0.162851, 0.163363, 0.163730, 0.164723, 0.166789, 0.169868, 0.173467, 0.177032, 0.180498, 0.184373, 0.188872, 0.193298, 0.196826, 0.199514, 0.201989, 0.204803, 0.208075, 0.211586, 0.215102, 0.218479, 0.222033, 0.226567, 0.232225, 0.237452, 0.240720, 0.242771, 0.245587, 0.249536, 0.253214, 0.255402, 0.256192, 0.256579, 0.257852, 0.260959, 0.265680, 0.270025, 0.271286, 0.269087, 0.267026, 0.269214, 0.274425, 0.277487, 0.275829, 0.271292, 0.267250, 0.266011, 0.268070, 0.271918, 0.274538, 0.273010, 0.266983, 0.260309, 0.258551, 0.262583, 0.267129, 0.266990, 0.261652, 0.254405, 0.249060, 0.247553, 0.249504, 0.252863, 0.254789, 0.252663, 0.246112, 0.238660, 0.235603, 0.238409, 0.243155, 0.245161, 0.242977, 0.238186, 0.233419, 0.230864, 0.231582, 0.235052, 0.239158, 0.240877, 0.238200, 0.232422, 0.228132, 0.229049, 0.233816, 0.238144, 0.239467, 0.237922, 0.234983, 0.232482, 0.232020, 0.234205, 0.238033, 0.240686, 0.239462, 0.234998, 0.231466, 0.232091, 0.235399, 0.237814, 0.237629, 0.235535, 0.232961, 0.230903, 0.229915, 0.230099, 0.230639, 0.229815, 0.226864, 0.223607, 0.222569, 0.223290, 0.223266, 0.221710, 0.219789, 0.218087, 0.216399, 0.214698, 0.212986, 0.211299, 0.209651, 0.208000, 0.206624, 0.205991, 0.205726, 0.205185, 0.204848, 0.205168, 0.205205, 0.204509, 0.203817, 0.203350, 0.202713, 0.201867, 0.201008, 0.200370, 0.200134, 0.200392, 0.201174, 0.202424, 0.203468, 0.203386, 0.202694, 0.202998, 0.204388, 0.205175, 0.204254, 0.202266, 0.200447, 0.199664, 0.200357, 0.202336, 0.204699, 0.206099, 0.205544, 0.203688, 0.202787, 0.204455, 0.207631, 0.209792, 0.209554, 0.207412, 0.205040, 0.204324, 0.206447, 0.211345, 0.217380, 0.221671, 0.222028, 0.219216, 0.216830, 0.218029, 0.222850, 0.228814, 0.233106, 0.234150, 0.232359, 0.230121, 0.230944, 0.236972, 0.246362, 0.253894, 0.255534, 0.251641, 0.246671, 0.245599, 0.249971, 0.257279, 0.263347, 0.265026, 0.261820, 0.256984, 0.256287, 0.262544, 0.271247, 0.275208, 0.271882, 0.264526, 0.258706, 0.257701, 0.261000, 0.265268, 0.266706, 0.263400, 0.257038, 0.252586, 0.253868, 0.258492, 0.260048, 0.255451, 0.247189, 0.239861, 0.235642, 0.234032, 0.233361, 0.231904, 0.228448, 0.223173, 0.218201, 0.216083, 0.216310, 0.215240, 0.210519, 0.203584, 0.196992, 0.191644, 0.187349, 0.183859, 0.180726, 0.177670, 0.174603, 0.171665, 0.169496, 0.168318, 0.166848, 0.163736, 0.159501, 0.155394, 0.151731, 0.148333, 0.145393, 0.143155, 0.141685, 0.140987, 0.140934, 0.141371, 0.142197, 0.142793, 0.142518, 0.141700, 0.141094, 0.140631, 0.139885, 0.139065, 0.138871, 0.139734, 0.141650, 0.144461, 0.147853, 0.151322, 0.154326, 0.156724, 0.159254, 0.162587, 0.165751, 0.167445, 0.167911, 0.168773, 0.171272, 0.175539, 0.180802, 0.185989, 0.190188, 0.193290, 0.196347, 0.201095, 0.207796, 0.213609, 0.215680, 0.214662, 0.214058, 0.216637, 0.222402, 0.229082, 0.233995, 0.235642, 0.234950, 0.235350, 0.240157, 0.248443, 0.254836, 0.255224, 0.250593, 0.245902, 0.245810, 0.250899, 0.257736, 0.261866, 0.260958, 0.256018, 0.251512, 0.252424, 0.258924, 0.265294, 0.265781, 0.259987, 0.252136, 0.247312, 0.247801, 0.252138, 0.256753, 0.257932, 0.254035, 0.247073, 0.241980, 0.242495, 0.247050, 0.250606, 0.249661, 0.244502, 0.238205, 0.234043, 0.233659, 0.236674, 0.240970, 0.243583, 0.242265, 0.237431, 0.232767, 0.232113, 0.235338, 0.238950, 0.240219, 0.239018, 0.236647, 0.234805, 0.234920, 0.237502, 0.241673, 0.245232, 0.245859, 0.243366, 0.240725, 0.241059, 0.243842, 0.246204, 0.246748, 0.246197, 0.245681, 0.245893, 0.246934, 0.248483, 0.250016, 0.250381, 0.248942, 0.247031, 0.246656, 0.247383, 0.246874, 0.244841, 0.243162, 0.242711, 0.242531, 0.241857, 0.240787, 0.239464, 0.237968, 0.236448, 0.235067, 0.233786, 0.231927, 0.229096, 0.226693, 0.226345, 0.226558, 0.224801, 0.221639, 0.219727, 0.219654, 0.219822, 0.219072, 0.217149, 0.214525, 0.212040, 0.210633, 0.211110, 0.212836, 0.213018, 0.209817, 0.205728, 0.204963, 0.207869, 0.210745, 0.210793, 0.208172, 0.204654, 0.202167, 0.202030, 0.204471, 0.207953, 0.209756, 0.207733, 0.203004, 0.199967, 0.202102, 0.207620, 0.211879, 0.212409, 0.209812, 0.206234, 0.204003, 0.205034, 0.209672, 0.216202, 0.221043, 0.221149, 0.217069, 0.213415, 0.214851, 0.221260, 0.228688, 0.233424, 0.234273, 0.232364, 0.230329, 0.231011, 0.236373, 0.245637, 0.254382, 0.257517, 0.254457, 0.250392, 0.251441, 0.258329, 0.266719, 0.272365, 0.273722, 0.272049, 0.270560, 0.272861, 0.280107, 0.289164, 0.294319, 0.292703, 0.287723, 0.286328, 0.290966, 0.297246, 0.300164, 0.298769, 0.295627, 0.294201, 0.296440, 0.301199, 0.304956, 0.304425, 0.299977, 0.295870, 0.295596, 0.297344, 0.296956, 0.293029, 0.287814, 0.284430, 0.284107, 0.285201, 0.284998, 0.281989, 0.277059, 0.272659, 0.270617, 0.269586, 0.266518, 0.260394, 0.253449, 0.248491, 0.246416, 0.245984, 0.245101, 0.242211, 0.237389, 0.232396, 0.229535, 0.229083, 0.228495, 0.225026, 0.218714, 0.212146, 0.208047, 0.207185, 0.208355, 0.209474, 0.208878, 0.206026, 0.201930, 0.199032, 0.199350, 0.201825, 0.202884, 0.200294, 0.195203, 0.190916, 0.189878, 0.192323, 0.196559, 0.200280, 0.201397, 0.199303, 0.195832, 0.194746, 0.197994, 0.202845, 0.204634, 0.201746, 0.196914, 0.194478, 0.196599, 0.202089, 0.207978, 0.211350, 0.210841, 0.207586, 0.205651, 0.208954, 0.215662, 0.219359, 0.216786, 0.210909, 0.207608, 0.209914, 0.216072, 0.222038, 0.224687, 0.223589, 0.220933, 0.220531, 0.224925, 0.231567, 0.234281, 0.230350, 0.223787, 0.221260, 0.224772, 0.230538, 0.234165, 0.234068, 0.231764, 0.230166, 0.231758, 0.236454, 0.240858, 0.240948, 0.236108, 0.230334, 0.228556, 0.231549, 0.235559, 0.236944, 0.235131, 0.232356, 0.231351, 0.233327, 0.237124, 0.239928, 0.239381, 0.235287, 0.230433, 0.228441, 0.230318, 0.233767, 0.235908, 0.235580, 0.233758, 0.232828, 0.234600, 0.238658, 0.242630, 0.244153, 0.242528, 0.239387, 0.237775, 0.239609, 0.244123, 0.248687, 0.251114, 0.251297, 0.251153, 0.253118, 0.257844, 0.263440, 0.266754, 0.266177, 0.263426, 0.262252, 0.265074, 0.270677, 0.275720, 0.277579, 0.276497, 0.275454, 0.277608, 0.283155, 0.288668, 0.290090, 0.286307, 0.280790, 0.279069, 0.283135, 0.289108, 0.291309, 0.287834, 0.282155, 0.279657, 0.282461, 0.287603, 0.289984, 0.286361, 0.277934, 0.270153, 0.268443, 0.272676, 0.276905, 0.275223, 0.267113, 0.258026, 0.254438, 0.256992, 0.260579, 0.260120, 0.254001, 0.244361, 0.235539, 0.231582, 0.233266, 0.236624, 0.236121, 0.229554, 0.220013, 0.213354, 0.212473, 0.214916, 0.216296, 0.213906, 0.207790, 0.200002, 0.193441, 0.190709, 0.192264, 0.195531, 0.196462, 0.192808, 0.186427, 0.181596, 0.180752, 0.182660, 0.184696, 0.185126, 0.183362, 0.179883, 0.176364, 0.174915, 0.176912, 0.181216, 0.184319, 0.183850, 0.181092, 0.179477, 0.180717, 0.183656, 0.186559, 0.188461, 0.189146, 0.189139, 0.189396, 0.191363, 0.195679, 0.200318, 0.202506, 0.202542, 0.203454, 0.206784, 0.210851, 0.213992, 0.216330, 0.218582, 0.221246, 0.224553, 0.228449, 0.232588, 0.236151, 0.238396, 0.240338, 0.243980, 0.248493, 0.251141, 0.251931, 0.253530, 0.256935, 0.260561, 0.263246, 0.265114, 0.266608, 0.268332, 0.270556, 0.273133, 0.275284, 0.275552, 0.273574, 0.272030, 0.273886, 0.277631, 0.279052, 0.276719, 0.273292, 0.272052, 0.273558, 0.276056, 0.277283, 0.275667, 0.271066, 0.265433, 0.262129, 0.263262, 0.267075, 0.269036, 0.266144, 0.259724, 0.254259, 0.253212, 0.255992, 0.259341, 0.260240, 0.257276, 0.251137, 0.244581, 0.241302, 0.243303, 0.248751, 0.253127, 0.252913, 0.248262, 0.242555, 0.239852, 0.241782, 0.246537, 0.250534, 0.251069, 0.247637, 0.242105, 0.238225, 0.239421, 0.245648, 0.252702, 0.255765, 0.253173, 0.247518, 0.243435, 0.243842, 0.247953, 0.252293, 0.253399, 0.250186, 0.244917, 0.241741, 0.243395, 0.248695, 0.253236, 0.253162, 0.248314, 0.242290, 0.239015, 0.239416, 0.240992, 0.240587, 0.237021, 0.231939, 0.228444, 0.228293, 0.230209, 0.231136, 0.229257, 0.225108, 0.220615, 0.217313, 0.215320, 0.213213, 0.209684, 0.205120, 0.201270, 0.199385, 0.199008, 0.198667, 0.197544, 0.196042, 0.194652, 0.193302, 0.191585, 0.189271, 0.186286, 0.183035, 0.180173, 0.178267, 0.177203, 0.176320, 0.175388, 0.175192, 0.176168, 0.177544, 0.178195, 0.177852, 0.176835, 0.175596, 0.174414, 0.173433, 0.172615, 0.171802, 0.170856, 0.170254, 0.171113, 0.173859, 0.177280, 0.179524, 0.180121, 0.180054, 0.180405, 0.181444, 0.182955, 0.184500, 0.185551, 0.185772, 0.185603, 0.186461, 0.190058, 0.196379, 0.202814, 0.206440, 0.206928, 0.206468, 0.207421, 0.210621, 0.215432, 0.220282, 0.223472, 0.224058, 0.222849, 0.223085, 0.228322, 0.237849, 0.246300, 0.249167, 0.246782, 0.243297, 0.243025, 0.247222, 0.253762, 0.259012, 0.260165, 0.256902, 0.252423, 0.252238, 0.259060, 0.268418, 0.272789, 0.269193, 0.261376, 0.255902, 0.256146, 0.260381, 0.264304, 0.264178, 0.259062, 0.251753, 0.247408, 0.249226, 0.254756, 0.257853, 0.254469, 0.245778, 0.236945, 0.232397, 0.232435, 0.233984, 0.233599, 0.229604, 0.222900, 0.216384, 0.213210, 0.213843, 0.215360, 0.214250, 0.209402, 0.202316, 0.195666, 0.191550, 0.190325, 0.190540, 0.190092, 0.187796, 0.184013, 0.180397, 0.178458, 0.178160, 0.178182, 0.177265, 0.174937, 0.171716, 0.168681, 0.166890, 0.166743, 0.167710, 0.168548, 0.168345, 0.167493, 0.167083, 0.167463, 0.168039, 0.168292, 0.168055, 0.167528, 0.167068, 0.167075, 0.167840, 0.169304, 0.170763, 0.171674, 0.172574, 0.174252, 0.176336, 0.177916, 0.178959, 0.179980, 0.181303, 0.182879, 0.184689, 0.186690, 0.188813, 0.190920, 0.193268, 0.196423, 0.200082, 0.202782, 0.204083, 0.205798, 0.209261, 0.213135, 0.215671, 0.217055, 0.218407, 0.220508, 0.223756, 0.227859, 0.231983, 0.234683, 0.234710, 0.233531, 0.235201, 0.240734, 0.245789, 0.246527, 0.243902, 0.241711, 0.242390, 0.245869, 0.250343, 0.253486, 0.253526, 0.250134, 0.245502, 0.244088, 0.248274, 0.254348, 0.256373, 0.252433, 0.246081, 0.242300, 0.242933, 0.246578, 0.250611, 0.252505, 0.250591, 0.245060, 0.238802, 0.236335, 0.239752, 0.245833, 0.249156, 0.247247, 0.242115, 0.237726, 0.236814, 0.239572, 0.244215, 0.248301, 0.249608, 0.247001, 0.241670, 0.237715, 0.239235, 0.245619, 0.252029, 0.254500, 0.252885, 0.249860, 0.248435, 0.249989, 0.254079, 0.258787, 0.261606, 0.260739, 0.256785, 0.253397, 0.254579, 0.260112, 0.265390, 0.266660, 0.264590, 0.262172, 0.261361, 0.262147, 0.263535, 0.264129, 0.262794, 0.259565, 0.256208, 0.255140, 0.256542, 0.257707, 0.256387, 0.253573, 0.251399, 0.250116, 0.248468, 0.245681, 0.242060, 0.238162, 0.234588, 0.231622, 0.229366, 0.227279, 0.224742, 0.222146, 0.220491, 0.219419, 0.217505, 0.214219, 0.210567, 0.207423, 0.204609, 0.201630, 0.198369, 0.195119, 0.192410, 0.190827, 0.190553, 0.190821, 0.190188, 0.188123, 0.185747, 0.184632, 0.184571, 0.184054, 0.182102, 0.178991, 0.175803, 0.173997, 0.174466, 0.176789, 0.179222, 0.179949, 0.178591, 0.176784, 0.176656, 0.178715, 0.181395, 0.182821, 0.182096, 0.179786, 0.177615, 0.177665, 0.181236, 0.187600, 0.193718, 0.196553, 0.195805, 0.194075, 0.194407, 0.197963, 0.203654, 0.209176, 0.212299, 0.212197, 0.210165, 0.209692, 0.214457, 0.224329, 0.234285, 0.239276, 0.238508, 0.235589, 0.235062, 0.239003, 0.246186, 0.253432, 0.257393, 0.256445, 0.252623, 0.251875, 0.258960, 0.270384, 0.277832, 0.277367, 0.272365, 0.268907, 0.270065, 0.274670, 0.279485, 0.281291, 0.278762, 0.273792, 0.271173, 0.275180, 0.283361, 0.287800, 0.284218, 0.276762, 0.272286, 0.272093, 0.273113, 0.272605, 0.269563, 0.264465, 0.259158, 0.256228, 0.257296, 0.260570, 0.261217, 0.256591, 0.249469, 0.244684, 0.242930, 0.241359, 0.238106, 0.233287, 0.228018, 0.223574, 0.220925, 0.220437, 0.221341, 0.221281, 0.218259, 0.213303, 0.209387, 0.207576, 0.206298, 0.203984, 0.200623, 0.197117, 0.194444, 0.193331, 0.194004, 0.195866, 0.197306, 0.196686, 0.194113, 0.191652, 0.191037, 0.191606, 0.191540, 0.190203, 0.188253, 0.186826, 0.186945, 0.189045, 0.192464, 0.195302, 0.195700, 0.193974, 0.192689, 0.193720, 0.195918, 0.196948, 0.195982, 0.193928, 0.192650, 0.193809, 0.197525, 0.202011, 0.204614, 0.203952, 0.202072, 0.202882, 0.206941, 0.210624, 0.210990, 0.208553, 0.206003, 0.205913, 0.209190, 0.214404, 0.218424, 0.218650, 0.215805, 0.214538, 0.218619, 0.225264, 0.228548, 0.226451, 0.221876, 0.219135, 0.220454, 0.224916, 0.229624, 0.231648, 0.229577, 0.225116, 0.223321, 0.227739, 0.234782, 0.237751, 0.234452, 0.228403, 0.224542, 0.224873, 0.228274, 0.232241, 0.234205, 0.232633, 0.228248, 0.224429, 0.225259, 0.230824, 0.236080, 0.236315, 0.231844, 0.226867, 0.224939, 0.226656, 0.230702, 0.234988, 0.237509, 0.237074, 0.234093, 0.231498, 0.233219, 0.239399, 0.245353, 0.247013, 0.244858, 0.242432, 0.242697, 0.246245, 0.251788, 0.257275, 0.260969, 0.261885, 0.260551, 0.260023, 0.263853, 0.270991, 0.276029, 0.275982, 0.273610, 0.273642, 0.277270, 0.282229, 0.286161, 0.288021, 0.287963, 0.287220, 0.287636, 0.290544, 0.294741, 0.296294, 0.293188, 0.289191, 0.289857, 0.294150, 0.296196, 0.293729, 0.289597, 0.287012, 0.286649, 0.287325, 0.287264, 0.285018, 0.280315, 0.274870, 0.272242, 0.274015, 0.276046, 0.272861, 0.264693, 0.257495, 0.255588, 0.256694, 0.256221, 0.252259, 0.245724, 0.238769, 0.233780, 0.232348, 0.233772, 0.234414, 0.230422, 0.221986, 0.214044, 0.211285, 0.212739, 0.213850, 0.211661, 0.206295, 0.199737, 0.194548, 0.192602, 0.194093, 0.197082, 0.198124, 0.194682, 0.187891, 0.182229, 0.181126, 0.183663, 0.186566, 0.187434, 0.185681, 0.182296, 0.179317, 0.178988, 0.182385, 0.187888, 0.191723, 0.191202, 0.187221, 0.183636, 0.183795, 0.187709, 0.192802, 0.196494, 0.197697, 0.197020, 0.196563, 0.198958, 0.204988, 0.211767, 0.215225, 0.214383, 0.212227, 0.212484, 0.216166, 0.221449, 0.225919, 0.228245, 0.229057, 0.230648, 0.235133, 0.241953, 0.247763, 0.249857, 0.249269, 0.249524, 0.252240, 0.255798, 0.258193, 0.259034, 0.259322, 0.260751, 0.264459, 0.269742, 0.273972, 0.275008, 0.274046, 0.274614, 0.277359, 0.279117, 0.277792, 0.274668, 0.272253, 0.271983, 0.273678, 0.275918, 0.276946, 0.275787, 0.273264, 0.272072, 0.274040, 0.276417, 0.274712, 0.268600, 0.262254, 0.259199, 0.259365, 0.260774, 0.261422, 0.260134, 0.256836, 0.252840, 0.250762, 0.252574, 0.256353, 0.257279, 0.252798, 0.245255, 0.239501, 0.238372, 0.241109, 0.245134, 0.247996, 0.248142, 0.245270, 0.240935, 0.238673, 0.241478, 0.247520, 0.251194, 0.249072, 0.242893, 0.237454, 0.236431, 0.240270, 0.246743, 0.252411, 0.254291, 0.251471, 0.246108, 0.243092, 0.246084, 0.252434, 0.255630, 0.252431, 0.245471, 0.240296, 0.240371, 0.244895, 0.250296, 0.252826, 0.250595, 0.244690, 0.239408, 0.239108, 0.242705, 0.244439, 0.240611, 0.232973, 0.226582, 0.224928, 0.227113, 0.229504, 0.229098, 0.225383, 0.220105, 0.216192, 0.215336, 0.215834, 0.214055, 0.208584, 0.201790, 0.197208, 0.195900, 0.196110, 0.195606, 0.193452, 0.190255, 0.187572, 0.186503, 0.186481, 0.185679, 0.182830, 0.178548, 0.174730, 0.172664, 0.171925, 0.171339, 0.170246, 0.168850, 0.167837, 0.167859, 0.168834, 0.169826, 0.169715, 0.168249, 0.166458, 0.165603, 0.165813, 0.166326, 0.166601, 0.166693, 0.167030, 0.168140, 0.170355, 0.173367, 0.176262, 0.178034, 0.178469, 0.178690, 0.180212, 0.183214, 0.186472, 0.188939, 0.190671, 0.192508, 0.195349, 0.199591, 0.204901, 0.210213, 0.213963, 0.215322, 0.215709, 0.217990, 0.223272, 0.229412, 0.233474, 0.234762, 0.235192, 0.237325, 0.242214, 0.248876, 0.255082, 0.258476, 0.257995, 0.255528, 0.255606, 0.261217, 0.269232, 0.273351, 0.271203, 0.266492, 0.264960, 0.268664, 0.275014, 0.279784, 0.279998, 0.275507, 0.269298, 0.266184, 0.269390, 0.276280, 0.279740, 0.275329, 0.265941, 0.259408, 0.260075, 0.264652, 0.267444, 0.265450, 0.258989, 0.250617, 0.243992, 0.242235, 0.245250, 0.248725, 0.247411, 0.239919, 0.230371, 0.224847, 0.225009, 0.227234, 0.227559, 0.224547, 0.218789, 0.211971, 0.206353, 0.203960, 0.205364, 0.208375, 0.208952, 0.204957, 0.198472, 0.193667, 0.192383, 0.193322, 0.194507, 0.194641, 0.193218, 0.190558, 0.187617, 0.185875, 0.186811, 0.189924, 0.192190, 0.191198, 0.187973, 0.185526, 0.185213, 0.186176, 0.187350, 0.188197, 0.188503, 0.188278, 0.187949, 0.188432, 0.190378, 0.192684, 0.193289, 0.192130, 0.191339, 0.191958, 0.192929, 0.193483, 0.193991, 0.194867, 0.196243, 0.198168, 0.200406, 0.202769, 0.204826, 0.206148, 0.207397, 0.209406, 0.211267, 0.211909, 0.212224, 0.213607, 0.215928, 0.218288, 0.220353, 0.222406, 0.224812, 0.227647, 0.230692, 0.233494, 0.235076, 0.234828, 0.234054, 0.235003, 0.237760, 0.239942, 0.239897, 0.238468, 0.237880, 0.239596, 0.243200, 0.246825, 0.248217, 0.246291, 0.242315, 0.239442, 0.240027, 0.243129, 0.245399, 0.244329, 0.240335, 0.236207, 0.234903, 0.237397, 0.242070, 0.245633, 0.245219, 0.240407, 0.233985, 0.230240, 0.231352, 0.235646, 0.239676, 0.240953, 0.238948, 0.235081, 0.232262, 0.233307, 0.238453, 0.244605, 0.247606, 0.245492, 0.240025, 0.235480, 0.235424, 0.240231, 0.247365, 0.253302, 0.255506, 0.253584, 0.249773, 0.248243, 0.252014, 0.259036, 0.263726, 0.262798, 0.257898, 0.253575, 0.253445, 0.257937, 0.264484, 0.269437, 0.270211, 0.266678, 0.261792, 0.260128, 0.263182, 0.266774, 0.265987, 0.260546, 0.254644, 0.252216, 0.253393, 0.255679, 0.256710, 0.255323, 0.251698, 0.247207, 0.243982, 0.242666, 0.240979, 0.236385, 0.229608, 0.223992, 0.221183, 0.219669, 0.217651, 0.214918, 0.212074, 0.209446, 0.206936, 0.204193, 0.200844, 0.196517, 0.191157, 0.185885, 0.182023, 0.179118, 0.175870, 0.172391, 0.169846, 0.168753, 0.168450, 0.167982, 0.166789, 0.164850, 0.162469, 0.160033, 0.157960, 0.156246, 0.154249, 0.151682, 0.149390, 0.148697, 0.149901, 0.151974, 0.153650, 0.154401, 0.154535, 0.154652, 0.155296, 0.156572, 0.157904, 0.158420, 0.157836, 0.156992, 0.157519, 0.160589, 0.165764, 0.171191, 0.175043, 0.176823, 0.177575, 0.179086, 0.182534, 0.187538, 0.192316, 0.194955, 0.195075, 0.194658, 0.196757, 0.202929, 0.211741, 0.219748, 0.223876, 0.223738, 0.222263, 0.223608, 0.229466, 0.237350, 0.242854, 0.243463, 0.240611, 0.238784, 0.242176, 0.250824, 0.260174, 0.264909, 0.263206, 0.257905, 0.254833, 0.258149, 0.265706, 0.271126, 0.270147, 0.264119, 0.258646, 0.258844, 0.264741, 0.271530, 0.273957, 0.270054, 0.262271, 0.255911, 0.255236, 0.259433, 0.263173, 0.261789, 0.255055, 0.247222, 0.243604, 0.245532, 0.249430, 0.250964, 0.248158, 0.241669, 0.234167, 0.229046, 0.228268, 0.230537, 0.232133, 0.230092, 0.224761, 0.219461, 0.217355, 0.218555, 0.220662, 0.221290, 0.219465, 0.215703, 0.211433, 0.208455, 0.208179, 0.210428, 0.212882, 0.212919, 0.210525, 0.208386, 0.208604, 0.210541, 0.212328, 0.212774, 0.211835, 0.210127, 0.208573, 0.208179, 0.209508, 0.211744, 0.212820, 0.211681, 0.210136, 0.210727, 0.213003, 0.214246, 0.213563, 0.212153, 0.211039, 0.210641, 0.210956, 0.211623, 0.211985, 0.211340, 0.210002, 0.209875, 0.212111, 0.214252, 0.213510, 0.211033, 0.210265, 0.211856, 0.213558, 0.213918, 0.212978, 0.211723, 0.211260, 0.212427, 0.215282, 0.218089, 0.217936, 0.214653, 0.212419, 0.214872, 0.219885, 0.222413, 0.220742, 0.217227, 0.215249, 0.216422, 0.220010, 0.223823, 0.225260, 0.222815, 0.217782, 0.214616, 0.217051, 0.223246, 0.227341, 0.226014, 0.220963, 0.216423, 0.215612, 0.218812, 0.223792, 0.227372, 0.227127, 0.222807, 0.217087, 0.214412, 0.217531, 0.224286, 0.229686, 0.230400, 0.226926, 0.222773, 0.221576, 0.224670, 0.230749, 0.236840, 0.239844, 0.238312, 0.233963, 0.231240, 0.233927, 0.241749, 0.250359, 0.255178, 0.254920, 0.252168, 0.251199, 0.254727, 0.261841, 0.269106, 0.272887, 0.272009, 0.268759, 0.267916, 0.272926, 0.281950, 0.289310, 0.291272, 0.288901, 0.286887, 0.288879, 0.294259, 0.299024, 0.299876, 0.297035, 0.293798, 0.293931, 0.298061, 0.302922, 0.304503, 0.302051, 0.298759, 0.298388, 0.300581, 0.301544, 0.298455, 0.292474, 0.287162, 0.285260, 0.286186, 0.286592, 0.283859, 0.278627, 0.274279, 0.273066, 0.273719, 0.272657, 0.267581, 0.259529, 0.251847, 0.247519, 0.246448, 0.245919, 0.243000, 0.237063, 0.230472, 0.226656, 0.226795, 0.228161, 0.227044, 0.221928, 0.214296, 0.207073, 0.202678, 0.201841, 0.202874, 0.202966, 0.200122, 0.194932, 0.190384, 0.189517, 0.192259, 0.195332, 0.195617, 0.192292, 0.186838, 0.181925, 0.180020, 0.181860, 0.186022, 0.189512, 0.189614, 0.186268, 0.183064, 0.184070, 0.189084, 0.194321, 0.196432, 0.194721, 0.190777, 0.187555, 0.187855, 0.192383, 0.198841, 0.203202, 0.202876, 0.199629, 0.198846, 0.203602, 0.210796, 0.215180, 0.214969, 0.211993, 0.209412, 0.209922, 0.214138, 0.219884, 0.223541, 0.223103, 0.220759, 0.221768, 0.228047, 0.235089, 0.237708, 0.235782, 0.233008, 0.232607, 0.234910, 0.238154, 0.240054, 0.239481, 0.237429, 0.236781, 0.240098, 0.246011, 0.249610, 0.248281, 0.244730, 0.243164, 0.244490, 0.246345, 0.246382, 0.243973, 0.240417, 0.237860, 0.238126, 0.241102, 0.244376, 0.244877, 0.241956, 0.238120, 0.236707, 0.238101, 0.239706, 0.239034, 0.235905, 0.231916, 0.229237, 0.229451, 0.232473, 0.236181, 0.237807, 0.236216, 0.232999, 0.231119, 0.232314, 0.235577, 0.238359, 0.238678, 0.236479, 0.233726, 0.233219, 0.236544, 0.242595, 0.248027, 0.249831, 0.247775, 0.244804, 0.244546, 0.248171, 0.253663, 0.257758, 0.258115, 0.255014, 0.251718, 0.252522, 0.258546, 0.265792, 0.268865, 0.266163, 0.260959, 0.258279, 0.260306, 0.265129, 0.268649, 0.267771, 0.262508, 0.256572, 0.254883, 0.259123, 0.264713, 0.265210, 0.258888, 0.250627, 0.246603, 0.247819, 0.250385, 0.250223, 0.245714, 0.238189, 0.231112, 0.228143, 0.229964, 0.232509, 0.230495, 0.222746, 0.213667, 0.208769, 0.208791, 0.209819, 0.208268, 0.203285, 0.196334, 0.189725, 0.185605, 0.184796, 0.185675, 0.184856, 0.180143, 0.173077, 0.167641, 0.166076, 0.166711, 0.166834, 0.165130, 0.161843, 0.157950, 0.154773, 0.153334, 0.153750, 0.154926, 0.154886, 0.152630, 0.149512, 0.148217, 0.149536, 0.151979, 0.153910, 0.154888, 0.155210, 0.155485, 0.156322, 0.158154, 0.161037, 0.164017, 0.165734, 0.166064, 0.166913, 0.170041, 0.174790, 0.179249, 0.182636, 0.185678, 0.189039, 0.192893, 0.197075, 0.201334, 0.205197, 0.208054, 0.209988, 0.212596, 0.217450, 0.223215, 0.227368, 0.229939, 0.233316, 0.238474, 0.243941, 0.248369, 0.251371, 0.253310, 0.254918, 0.257052, 0.260373, 0.264416, 0.267093, 0.266991, 0.266647, 0.269944, 0.276119, 0.280320, 0.280099, 0.277650, 0.276253, 0.277110, 0.279288, 0.280997, 0.280523, 0.277213, 0.272577, 0.270211, 0.273008, 0.278692, 0.281122, 0.276936, 0.269240, 0.263927, 0.263213, 0.264968, 0.266039, 0.264253, 0.259082, 0.252037, 0.246453, 0.245607, 0.249522, 0.253731, 0.253285, 0.247219, 0.239000, 0.233102, 0.231495, 0.233041, 0.235068, 0.235276, 0.232525, 0.227306, 0.222101, 0.220436, 0.223542, 0.228267, 0.230243, 0.227701, 0.222110, 0.216556, 0.213734, 0.214761, 0.218629, 0.222751, 0.224270, 0.222043, 0.217950, 0.215663, 0.217231, 0.220872, 0.223172, 0.222222, 0.218550, 0.214305, 0.211853, 0.212705, 0.216330, 0.219987, 0.220727, 0.218232, 0.215342, 0.214731, 0.215822, 0.216388, 0.215116, 0.212229, 0.208766, 0.206284, 0.205960, 0.207479, 0.209122, 0.209249, 0.208274, 0.208139, 0.209201, 0.209851, 0.209150, 0.207575, 0.205758, 0.204080, 0.202945, 0.202498, 0.202680, 0.203198, 0.203904, 0.205455, 0.207898, 0.209761, 0.210507, 0.211195, 0.212054, 0.211995, 0.210906, 0.209516, 0.208260, 0.207498, 0.207486, 0.208141, 0.209334, 0.210476, 0.210843, 0.211262, 0.213098, 0.215231, 0.215089, 0.212523, 0.209643, 0.207751, 0.206822, 0.206655, 0.206888, 0.207059, 0.206700, 0.205667, 0.204975, 0.206460, 0.210132, 0.212937, 0.212161, 0.208602, 0.205105, 0.203543, 0.204275, 0.206882, 0.210384, 0.213408, 0.214497, 0.213129, 0.211355, 0.212863, 0.218519, 0.224606, 0.227256, 0.225925, 0.222669, 0.220355, 0.221225, 0.225856, 0.233047, 0.240038, 0.243282, 0.241155, 0.236722, 0.236118, 0.241616, 0.248873, 0.252655, 0.251403, 0.247033, 0.243062, 0.242680, 0.247126, 0.254457, 0.259844, 0.259117, 0.252875, 0.246809, 0.246405, 0.250692, 0.254108, 0.252851, 0.247283, 0.240541, 0.236217, 0.236208, 0.239374, 0.241972, 0.240199, 0.233535, 0.225864, 0.221660, 0.220968, 0.220339, 0.217188, 0.211416, 0.204628, 0.198909, 0.195738, 0.194861, 0.194206, 0.191479, 0.186155, 0.179947, 0.174997, 0.171543, 0.168247, 0.164218, 0.159549, 0.154779, 0.150615, 0.147585, 0.145686, 0.144363, 0.142594, 0.139790, 0.136607, 0.133946, 0.131702, 0.129401, 0.127039, 0.124873, 0.123147, 0.122100, 0.121808, 0.122190, 0.123062, 0.123953, 0.124493, 0.124968, 0.125791, 0.126698, 0.127318, 0.127933, 0.128991, 0.130605, 0.132805, 0.135567, 0.138795, 0.142386, 0.146048, 0.149580, 0.153309, 0.157354, 0.160920, 0.163317, 0.165326, 0.168396, 0.172661, 0.177140, 0.181299, 0.185257, 0.189233, 0.193481, 0.198237, 0.203802, 0.209809, 0.214184, 0.215239, 0.214908, 0.217193, 0.222887, 0.228855, 0.232468, 0.233719, 0.234191, 0.235702, 0.239373, 0.245064, 0.251184, 0.254543, 0.252610, 0.247483, 0.245473, 0.250074, 0.257129, 0.260449, 0.258368, 0.253761, 0.250425, 0.250528, 0.253946, 0.258528, 0.260846, 0.258019, 0.250528, 0.243245, 0.241920, 0.246597, 0.251356, 0.251130, 0.245848, 0.239008, 0.234188, 0.232870, 0.234398, 0.236690, 0.237136, 0.233711, 0.226665, 0.219548, 0.216864, 0.219260, 0.222940, 0.224055, 0.221575, 0.216933, 0.212368, 0.209668, 0.209532, 0.211414, 0.213722, 0.214313, 0.211845, 0.207428, 0.204360, 0.205010, 0.208265, 0.211151, 0.211952, 0.210796, 0.208609, 0.206597, 0.205931, 0.207151, 0.209599, 0.211528, 0.211382, 0.209472, 0.208014, 0.208537, 0.210144, 0.211139, 0.210857, 0.209651, 0.208166, 0.206963, 0.206390, 0.206534, 0.207035, 0.207058, 0.206420, 0.205956, 0.206077, 0.206188, 0.205712, 0.204859, 0.203961, 0.203086, 0.202237, 0.201501, 0.201091, 0.201068, 0.201485, 0.202375, 0.203536, 0.204650, 0.205654, 0.206766, 0.207798, 0.208235, 0.208008, 0.207688, 0.207904, 0.208619, 0.209507, 0.210218, 0.210689, 0.211297, 0.212808, 0.215549, 0.218587, 0.220237, 0.219619, 0.217780, 0.216680, 0.217160, 0.218487, 0.219315, 0.218750, 0.216810, 0.214721, 0.214387, 0.216957, 0.221247, 0.224056, 0.223202, 0.219486, 0.215646, 0.213811, 0.214491, 0.216738, 0.218748, 0.218864, 0.216639, 0.213405, 0.211951, 0.214561, 0.220279, 0.225313, 0.226596, 0.224022, 0.219856, 0.216838, 0.216870, 0.220346, 0.226036, 0.231362, 0.233387, 0.231365, 0.228389, 0.229171, 0.234877, 0.241975, 0.246378, 0.246566, 0.243626, 0.240115, 0.238928, 0.241956, 0.248893, 0.256450, 0.259993, 0.257694, 0.253323, 0.253076, 0.258041, 0.263450, 0.265215, 0.262967, 0.258473, 0.254339, 0.252970, 0.255442, 0.260226, 0.263457, 0.261895, 0.256851, 0.253634, 0.254700, 0.256395, 0.254834, 0.249989, 0.243898, 0.238479, 0.234758, 0.232846, 0.231967, 0.230775, 0.227894, 0.223834, 0.220798, 0.219276, 0.216921, 0.212229, 0.206176, 0.200204, 0.194661, 0.189549, 0.184955, 0.180922, 0.177418, 0.174400, 0.171993, 0.170159, 0.168241, 0.165374, 0.161663, 0.157876, 0.154266, 0.150374, 0.146224, 0.142297, 0.139066, 0.136810, 0.135659, 0.135407, 0.135551, 0.135457, 0.134986, 0.134545, 0.134470, 0.134319, 0.133490, 0.132011, 0.130534, 0.129770, 0.130226, 0.131982, 0.134673, 0.137562, 0.139869, 0.141513, 0.143463, 0.146560, 0.150217, 0.153148, 0.154817, 0.155562, 0.156303, 0.158208, 0.162134, 0.167971, 0.174299, 0.179021, 0.181209, 0.182510, 0.185741, 0.191571, 0.198011, 0.202738, 0.204801, 0.204950, 0.205137, 0.207604, 0.213719, 0.222285, 0.229176, 0.230886, 0.228665, 0.227913, 0.232261, 0.239539, 0.245276, 0.247036, 0.245136, 0.241916, 0.240725, 0.244030, 0.251132, 0.257481, 0.258114, 0.252773, 0.247290, 0.247806, 0.253321, 0.257695, 0.257270, 0.252708, 0.246801, 0.242527, 0.241936, 0.244832, 0.248396, 0.248389, 0.242913, 0.235125, 0.230978, 0.232399, 0.235262, 0.235101, 0.231093, 0.225013, 0.219193, 0.215393, 0.214191, 0.214964, 0.215888, 0.214481, 0.209701, 0.203837, 0.200672, 0.201106, 0.202450, 0.202198, 0.199995, 0.196804, 0.193648, 0.191388, 0.190563, 0.191173, 0.192418, 0.192761, 0.191143, 0.188611, 0.187596, 0.188853, 0.190608, 0.191199, 0.190732, 0.189891, 0.189118, 0.188762, 0.188975, 0.189694, 0.190563, 0.190739, 0.189966, 0.189613, 0.190925, 0.192731, 0.193310, 0.192869, 0.192590, 0.192711, 0.192751, 0.192604, 0.192266, 0.191891, 0.191568, 0.191542, 0.192370, 0.194089, 0.195368, 0.195370, 0.195706, 0.197766, 0.200169, 0.200847, 0.200223, 0.199755, 0.200115, 0.201231, 0.202785, 0.204240, 0.205100, 0.205307, 0.206027, 0.209246, 0.214416, 0.217766, 0.217207, 0.215339, 0.215595, 0.218137, 0.220869, 0.222149, 0.221377, 0.219298, 0.217640, 0.218534, 0.222837, 0.228392, 0.231061, 0.228860, 0.224483, 0.222538, 0.224543, 0.227879, 0.229466, 0.228076, 0.224330, 0.220139, 0.218091, 0.220188, 0.225669, 0.230686, 0.231540, 0.227837, 0.222763, 0.220017, 0.220912, 0.224004, 0.226911, 0.227718, 0.225935, 0.222766, 0.220852, 0.222843, 0.228808, 0.235354, 0.238528, 0.237183, 0.233461, 0.230486, 0.230530, 0.234019, 0.239482, 0.244258, 0.246004, 0.244711, 0.243492, 0.246050, 0.252375, 0.258601, 0.261460, 0.260473, 0.257458, 0.255115, 0.255639, 0.259347, 0.264383, 0.267769, 0.267655, 0.265864, 0.266610, 0.270835, 0.274620, 0.274913, 0.272248, 0.268707, 0.265820, 0.264313, 0.264026, 0.264077, 0.263197, 0.260938, 0.259215, 0.260050, 0.261794, 0.260752, 0.256691, 0.252488, 0.249073, 0.245390, 0.240934, 0.236107, 0.231432, 0.227402, 0.224436, 0.222863, 0.222165, 0.220422, 0.216656, 0.212890, 0.211154, 0.209555, 0.205373, 0.199228, 0.193233, 0.188423, 0.185028, 0.182801, 0.181158, 0.179332, 0.176780, 0.173908, 0.172501, 0.173523, 0.174551, 0.172584, 0.168003, 0.163383, 0.160370, 0.159075, 0.158960, 0.159242, 0.159138, 0.158174, 0.156741, 0.156514, 0.159067, 0.163338, 0.166207, 0.165871, 0.163336, 0.161041, 0.160797, 0.162978, 0.166836, 0.171083, 0.174226, 0.175299, 0.175161, 0.176643, 0.181836, 0.189144, 0.194819, 0.196802, 0.195962, 0.194858, 0.196075, 0.200815, 0.208185, 0.215507, 0.219908, 0.220699, 0.220567, 0.223649, 0.231069, 0.239252, 0.243990, 0.244294, 0.242401, 0.241897, 0.245299, 0.252155, 0.259204, 0.262720, 0.261851, 0.260265, 0.262690, 0.269032, 0.274681, 0.276106, 0.273579, 0.270124, 0.268969, 0.271333, 0.275386, 0.277623, 0.275916, 0.271731, 0.269494, 0.271798, 0.275584, 0.275902, 0.271739, 0.266080, 0.262020, 0.260484, 0.260511, 0.260196, 0.257855, 0.253105, 0.247708, 0.244922, 0.245767, 0.246855, 0.244409, 0.238523, 0.232352, 0.228315, 0.226381, 0.225290, 0.223726, 0.220928, 0.216827, 0.212255, 0.209029, 0.208651, 0.209934, 0.209562, 0.205912, 0.200882, 0.197348, 0.196153, 0.196397, 0.196942, 0.196866, 0.195594, 0.193206, 0.190641, 0.189668, 0.191408, 0.194195, 0.194801, 0.192262, 0.189014, 0.187854, 0.189109, 0.191409, 0.193378, 0.194146, 0.193481, 0.191840, 0.190575, 0.191677, 0.195117, 0.197592, 0.196385, 0.193067, 0.191646, 0.193515, 0.196579, 0.198578, 0.198889, 0.198044, 0.197071, 0.197131, 0.199082, 0.202237, 0.203807, 0.201834, 0.198685, 0.199045, 0.203248, 0.206952, 0.207485, 0.206163, 0.205471, 0.206596, 0.209317, 0.212394, 0.214170, 0.213451, 0.210810, 0.209462, 0.212438, 0.217710, 0.220201, 0.218317, 0.215565, 0.215732, 0.218767, 0.222173, 0.223908, 0.223204, 0.220585, 0.217729, 0.217076, 0.219736, 0.223465, 0.224429, 0.221539, 0.217842, 0.217256, 0.220025, 0.223131, 0.224021, 0.222294, 0.218939, 0.215630, 0.214147, 0.215445, 0.218608, 0.220947, 0.220170, 0.216986, 0.214769, 0.215936, 0.219463, 0.222660, 0.223745, 0.222503, 0.220029, 0.218188, 0.218655, 0.222068, 0.227238, 0.231356, 0.232204, 0.230668, 0.230090, 0.232684, 0.237337, 0.241426, 0.243253, 0.242800, 0.241419, 0.241180, 0.243911, 0.249555, 0.255326, 0.257955, 0.257105, 0.255860, 0.257347, 0.261220, 0.264492, 0.264899, 0.262635, 0.259820, 0.258924, 0.261198, 0.265410, 0.268232, 0.267172, 0.263634, 0.261975, 0.263877, 0.266069, 0.264910, 0.260138, 0.254139, 0.249745, 0.248550, 0.249804, 0.250642, 0.248320, 0.243016, 0.238364, 0.237847, 0.239723, 0.238972, 0.233513, 0.225646, 0.218740, 0.214467, 0.212607, 0.211608, 0.209495, 0.205065, 0.199287, 0.195419, 0.195711, 0.197499, 0.196207, 0.190741, 0.183663, 0.177705, 0.173867, 0.171873, 0.170663, 0.169000, 0.166103, 0.162189, 0.159123, 0.159231, 0.161956, 0.163741, 0.162193, 0.158217, 0.154106, 0.151271, 0.150090, 0.150384, 0.151482, 0.152430, 0.152325, 0.151363, 0.151568, 0.154799, 0.159818, 0.163489, 0.164426, 0.163690, 0.162915, 0.163141, 0.164904, 0.168116, 0.172109, 0.175811, 0.178244, 0.180129, 0.184092, 0.190952, 0.197783, 0.201944, 0.203946, 0.205477, 0.207506, 0.210438, 0.214222, 0.218325, 0.222062, 0.225043, 0.228177, 0.233562, 0.241169, 0.247655, 0.250863, 0.252487, 0.254815, 0.257791, 0.260324, 0.261884, 0.262584, 0.263056, 0.264218, 0.267164, 0.272010, 0.276406, 0.277812, 0.277233, 0.277993, 0.280547, 0.281973, 0.280369, 0.276551, 0.272676, 0.270544, 0.270626, 0.272035, 0.272802, 0.271051, 0.267149, 0.264320, 0.264944, 0.266665, 0.265203, 0.259516, 0.252029, 0.245672, 0.242070, 0.241226, 0.241563, 0.240606, 0.236657, 0.230593, 0.225757, 0.224763, 0.226114, 0.225890, 0.222011, 0.215346, 0.208157, 0.202663, 0.200232, 0.200765, 0.202642, 0.203263, 0.200608, 0.195410, 0.191116, 0.190257, 0.191622, 0.192498, 0.191455, 0.188471, 0.184366, 0.180626, 0.178888, 0.180263, 0.184138, 0.187558, 0.187593, 0.184507, 0.181517, 0.181030, 0.182520, 0.184205, 0.184871, 0.184126, 0.182267, 0.180192, 0.179540, 0.181950, 0.186528, 0.189606, 0.189049, 0.186939, 0.186554, 0.188241, 0.190282, 0.191589, 0.191888, 0.191327, 0.190525, 0.190505, 0.192428, 0.196149, 0.199191, 0.199680, 0.199439, 0.201299, 0.204534, 0.206904, 0.208247, 0.209277, 0.210194, 0.211236, 0.212519, 0.214125, 0.216086, 0.217660, 0.218403, 0.219698, 0.222424, 0.224849, 0.225748, 0.226455, 0.228020, 0.229482, 0.230170, 0.230474, 0.230544, 0.230364, 0.230114, 0.229853, 0.229753, 0.229716, 0.228971, 0.227536, 0.227003, 0.228004, 0.228714, 0.227528, 0.225327, 0.223657, 0.222669, 0.221774, 0.220636, 0.219020, 0.216798, 0.214017, 0.211077, 0.209278, 0.209789, 0.211491, 0.211783, 0.209799, 0.207073, 0.205327, 0.204916, 0.205245, 0.205530, 0.205094, 0.203613, 0.201192, 0.198764, 0.198111, 0.200490, 0.204671, 0.207639, 0.207560, 0.205431, 0.203580, 0.203399, 0.204837, 0.207083, 0.208895, 0.209001, 0.207009, 0.204268, 0.203583, 0.206836, 0.212404, 0.216297, 0.216104, 0.212782, 0.209248, 0.207806, 0.208813, 0.210843, 0.211755, 0.210068, 0.206131, 0.202526, 0.202423, 0.206049, 0.209822, 0.210165, 0.206577, 0.201411, 0.197558, 0.196261, 0.196364, 0.195571, 0.192400, 0.187569, 0.183575, 0.182625, 0.184374, 0.186206, 0.185782, 0.182830, 0.178959, 0.175967, 0.174410, 0.173315, 0.171126, 0.167224, 0.162873, 0.160190, 0.159894, 0.160854, 0.161601, 0.161512, 0.160803, 0.159947, 0.159240, 0.158687, 0.157837, 0.155899, 0.152835, 0.149829, 0.148133, 0.147730, 0.147888, 0.148197, 0.148760, 0.149703, 0.150814, 0.151703, 0.152104, 0.151868, 0.150859, 0.149123, 0.147268, 0.146116, 0.145791, 0.145879, 0.146376, 0.147699, 0.149937, 0.152636, 0.155259, 0.157459, 0.158967, 0.159773, 0.160054, 0.160148, 0.160636, 0.161845, 0.163401, 0.165001, 0.167288, 0.171002, 0.175740, 0.180457, 0.184514, 0.187699, 0.190036, 0.191758, 0.193277, 0.195109, 0.197448, 0.199609, 0.200824, 0.201736, 0.204171, 0.208941, 0.214531, 0.218803, 0.221066, 0.221988, 0.222411, 0.223020, 0.224305, 0.225978, 0.226643, 0.225127, 0.222348, 0.221210, 0.223629, 0.227966, 0.230750, 0.230218, 0.227373, 0.224416, 0.222906, 0.222866, 0.222835, 0.220809, 0.215881, 0.209477, 0.204861, 0.204313, 0.206461, 0.207545, 0.205175, 0.199895, 0.194201, 0.190295, 0.188583, 0.187584, 0.184914, 0.179291, 0.171828, 0.165344, 0.162001, 0.161496, 0.161637, 0.160227, 0.156441, 0.151206, 0.146378, 0.143304, 0.141774, 0.140298, 0.137322, 0.132582, 0.127384, 0.123486, 0.121652, 0.121415, 0.121666, 0.121313, 0.119848, 0.117531, 0.115282, 0.114106, 0.114085, 0.114229, 0.113711, 0.112542, 0.111371, 0.110943, 0.111684, 0.113511, 0.115968, 0.118461, 0.120368, 0.121544, 0.122542, 0.124157, 0.126634, 0.129438, 0.132013, 0.134426, 0.137022, 0.139977, 0.143419, 0.147387, 0.151754, 0.156256, 0.160374, 0.163842, 0.167162, 0.170916, 0.174924, 0.178864, 0.182833, 0.186873, 0.190892, 0.194980, 0.199093, 0.202996, 0.206813, 0.210690, 0.214256, 0.217416, 0.220501, 0.223452, 0.226183, 0.229021, 0.231747, 0.233826, 0.235751, 0.238172, 0.240502, 0.241884, 0.242511, 0.242916, 0.243179, 0.243269, 0.243329, 0.243460, 0.243768, 0.243736, 0.242244, 0.239908, 0.239032, 0.239657, 0.239222, 0.236632, 0.232960, 0.229205, 0.225695, 0.222717, 0.220369, 0.218441, 0.216325, 0.212827, 0.207742, 0.203307, 0.201570, 0.200864, 0.198345, 0.193606, 0.187894, 0.182215, 0.177173, 0.173191, 0.170484, 0.168706, 0.166664, 0.162974, 0.157914, 0.153708, 0.151786, 0.150980, 0.149404, 0.146413, 0.142418, 0.138041, 0.133951, 0.130926, 0.129553, 0.129956, 0.131017, 0.130786, 0.128641, 0.126028, 0.124648, 0.124656, 0.125208, 0.125680, 0.125666, 0.124929, 0.123634, 0.122324, 0.122255, 0.124579, 0.128568, 0.131901, 0.133151, 0.133048, 0.133162, 0.134329, 0.136562, 0.139469, 0.142446, 0.144702, 0.145560, 0.145692, 0.147240, 0.151609, 0.157463, 0.162295, 0.165114, 0.166733, 0.168335, 0.170721, 0.174076, 0.178125, 0.181927, 0.184357, 0.185312, 0.186391, 0.189703, 0.195068, 0.200236, 0.203743, 0.205761, 0.207170, 0.208526, 0.210319, 0.212603, 0.214856, 0.216214, 0.216380, 0.216418, 0.217650, 0.220104, 0.222620, 0.224258, 0.224862, 0.224556, 0.223728, 0.222579, 0.221309, 0.220051, 0.218625, 0.216840, 0.215043, 0.213744, 0.212878, 0.212077, 0.211095, 0.209656, 0.207575, 0.204861, 0.201485, 0.197651, 0.193669, 0.189847, 0.186260, 0.183132, 0.180554, 0.178416, 0.176648, 0.175010, 0.173049, 0.170394, 0.167236, 0.163829, 0.160259, 0.156610, 0.153135, 0.150087, 0.147564, 0.145586, 0.144148, 0.143465, 0.143663, 0.144109, 0.143777, 0.142199, 0.139864, 0.137420, 0.135256, 0.133709, 0.132935, 0.132855, 0.133089, 0.133136, 0.132841, 0.133186, 0.135144, 0.137834, 0.139281, 0.138791, 0.137059, 0.134966, 0.133399, 0.133070, 0.134197, 0.136170, 0.137670, 0.137609, 0.136813, 0.137862, 0.141628, 0.145916, 0.148131, 0.147887, 0.146142, 0.144332, 0.143773, 0.145280, 0.148336, 0.150964, 0.151291, 0.149935, 0.150173, 0.154222, 0.160353, 0.165139, 0.167127, 0.166771, 0.165458, 0.164827, 0.166344, 0.169593, 0.172291, 0.172460, 0.170647, 0.169954, 0.172842, 0.178326, 0.183300, 0.185957, 0.186262, 0.185116, 0.183695, 0.183447, 0.184699, 0.185905, 0.185120, 0.182491, 0.180405, 0.180792, 0.183326, 0.186204, 0.187996, 0.188048, 0.186583, 0.184178, 0.181784, 0.180121, 0.179020, 0.177429, 0.174923, 0.172444, 0.171208, 0.171435, 0.172485, 0.173516, 0.173852, 0.173213, 0.171564, 0.169177, 0.166730, 0.164847, 0.163411, 0.162228, 0.161513, 0.161673, 0.162691, 0.164307, 0.166061, 0.167514, 0.168326, 0.168459, 0.167937, 0.167080, 0.166326, 0.165987, 0.166100, 0.166844, 0.168392, 0.170550, 0.172917, 0.175276, 0.177352, 0.178828, 0.179471, 0.179383, 0.178788, 0.177934, 0.177108, 0.176603, 0.176860, 0.178079, 0.179586, 0.180533, 0.181083, 0.181977, 0.183083, 0.183655, 0.183358, 0.182115, 0.180004, 0.177373, 0.175048, 0.174279, 0.175200, 0.176041, 0.175236, 0.173598, 0.173121, 0.174209, 0.175675, 0.176339, 0.175515, 0.173196, 0.169995, 0.167384, 0.167101, 0.168856, 0.169842, 0.168182, 0.165331, 0.164405, 0.166277, 0.169263, 0.171445, 0.171935, 0.170574, 0.168004, 0.165833, 0.166167, 0.168809, 0.170756, 0.169528, 0.166128, 0.163822, 0.164615, 0.167497, 0.170433, 0.172108, 0.171973, 0.170168, 0.167595, 0.166012, 0.167091, 0.170022, 0.171643, 0.170223, 0.167233, 0.165377, 0.165720, 0.167714, 0.170286, 0.172498, 0.173598, 0.173336, 0.171873, 0.170481, 0.171054, 0.173958, 0.177065, 0.178345, 0.178042, 0.177790, 0.178673, 0.180743, 0.183769, 0.187312, 0.190873, 0.193663, 0.195028, 0.195337, 0.196478, 0.199626, 0.203542, 0.206302, 0.207816, 0.209159, 0.210945, 0.213318, 0.216277, 0.219639, 0.223117, 0.226316, 0.228294, 0.229147, 0.230387, 0.232544, 0.234208, 0.234650, 0.234660, 0.234881, 0.235245, 0.235715, 0.236387, 0.237132, 0.237951, 0.238613, 0.238762, 0.238407, 0.237679, 0.236264, 0.234020, 0.231500, 0.228938, 0.226180, 0.223462, 0.221247, 0.219457, 0.217743, 0.216079, 0.214458, 0.212782, 0.210828, 0.208511, 0.205709, 0.202279, 0.197979, 0.193165, 0.189016, 0.186178, 0.184108, 0.181894, 0.179393, 0.177012, 0.175201, 0.174236, 0.173882, 0.173368, 0.171524, 0.167821, 0.163400, 0.160048, 0.158313, 0.157324, 0.156225, 0.154651, 0.152805, 0.151450, 0.151402, 0.152928, 0.155149, 0.156302, 0.155085, 0.152064, 0.149253, 0.148018, 0.148332, 0.149403, 0.150446, 0.151016, 0.151011, 0.150972, 0.152105, 0.155487, 0.160239, 0.163805, 0.164643, 0.163380, 0.161892, 0.161776, 0.163738, 0.167631, 0.172506, 0.177028, 0.179843, 0.180824, 0.182035, 0.186061, 0.192720, 0.198833, 0.201991, 0.202474, 0.202037, 0.202443, 0.204914, 0.209900, 0.216644, 0.222943, 0.226298, 0.226632, 0.227508, 0.232118, 0.238733, 0.243396, 0.244687, 0.243926, 0.242926, 0.243084, 0.245089, 0.248598, 0.252481, 0.254842, 0.254576, 0.253833, 0.255917, 0.259857, 0.261515, 0.259729, 0.256737, 0.254164, 0.252096, 0.250339, 0.248685, 0.246954, 0.244959, 0.242662, 0.240803, 0.240277, 0.240127, 0.238016, 0.233734, 0.229429, 0.225863, 0.221779, 0.216677, 0.211268, 0.206079, 0.201344, 0.197333, 0.194051, 0.191299, 0.188614, 0.185275, 0.181416, 0.178035, 0.175013, 0.170995, 0.165726, 0.160285, 0.155475, 0.151271, 0.147605, 0.144503, 0.141855, 0.139574, 0.137540, 0.135819, 0.134876, 0.134489, 0.133376, 0.130880, 0.127767, 0.125218, 0.123631, 0.122732, 0.122221, 0.121964, 0.121897, 0.122080, 0.122767, 0.124416, 0.127244, 0.130323, 0.132086, 0.132115, 0.131638, 0.132137, 0.134006, 0.136695, 0.139545, 0.142031, 0.143995, 0.145950, 0.148950, 0.153810, 0.159977, 0.165364, 0.168243, 0.169130, 0.170198, 0.173169, 0.177875, 0.182703, 0.186208, 0.188155, 0.189541, 0.192217, 0.197551, 0.204739, 0.210984, 0.214106, 0.214540, 0.214928, 0.217671, 0.222600, 0.227241, 0.229283, 0.228601, 0.227497, 0.228762, 0.233144, 0.238567, 0.242049, 0.242349, 0.240729, 0.239789, 0.241198, 0.244106, 0.245909, 0.244697, 0.240959, 0.237402, 0.236704, 0.238722, 0.240565, 0.239845, 0.236773, 0.233318, 0.231137, 0.230480, 0.230321, 0.229179, 0.226006, 0.221024, 0.216104, 0.213396, 0.212954, 0.212605, 0.210403, 0.206438, 0.202322, 0.199445, 0.197874, 0.196805, 0.195442, 0.193226, 0.189900, 0.185918, 0.182573, 0.181077, 0.181031, 0.180617, 0.178685, 0.175973, 0.173904, 0.173001, 0.172973, 0.173335, 0.173536, 0.173116, 0.171927, 0.170180, 0.168806, 0.168890, 0.169946, 0.170158, 0.168953, 0.167687, 0.167576, 0.168510, 0.169889, 0.171170, 0.172011, 0.172305, 0.172021, 0.171588, 0.172010, 0.173287, 0.173665, 0.172273, 0.170812, 0.171183, 0.172930, 0.174607, 0.175858, 0.177019, 0.178307, 0.179881, 0.181765, 0.184007, 0.186083, 0.186453, 0.185116, 0.184887, 0.187313, 0.190020, 0.190856, 0.190881, 0.192031, 0.194795, 0.198606, 0.202572, 0.205784, 0.207666, 0.207909, 0.207668, 0.209540, 0.213277, 0.214980, 0.213052, 0.210631, 0.211119, 0.214266, 0.217944, 0.220654, 0.221853, 0.221725, 0.221012, 0.221057, 0.223036, 0.225726, 0.225681, 0.221603, 0.216637, 0.214992, 0.217044, 0.219977, 0.221536, 0.221229, 0.219532, 0.217383, 0.215998, 0.216484, 0.218570, 0.219718, 0.217423, 0.212356, 0.208085, 0.207290, 0.209551, 0.212813, 0.215232, 0.215852, 0.214777, 0.212927, 0.211663, 0.212385, 0.215042, 0.217359, 0.217072, 0.214583, 0.212559, 0.213190, 0.216571, 0.221241, 0.225368, 0.227680, 0.227823, 0.226572, 0.225917, 0.227511, 0.230623, 0.232792, 0.232671, 0.231318, 0.231034, 0.233162, 0.237020, 0.240738, 0.242818, 0.242702, 0.240976, 0.239354, 0.239371, 0.240429, 0.240329, 0.238137, 0.235475, 0.234479, 0.235455, 0.236986, 0.237617, 0.236696, 0.234409, 0.231782, 0.229860, 0.228517, 0.226306, 0.222210, 0.217465, 0.214444, 0.213631, 0.213345, 0.212162, 0.210156, 0.208062, 0.206422, 0.205237, 0.203997, 0.201694, 0.197543, 0.192586, 0.189298, 0.188457, 0.188042, 0.186307, 0.183778, 0.182083, 0.182016, 0.183143, 0.184263, 0.184201, 0.182310, 0.178850, 0.175525, 0.174505, 0.175455, 0.175703, 0.173828, 0.171205, 0.170038, 0.171149, 0.173805, 0.176615, 0.178369, 0.178279, 0.176254, 0.173641, 0.172775, 0.174509, 0.176884, 0.177521, 0.176336, 0.175276, 0.176205, 0.179445, 0.184063, 0.188666, 0.192025, 0.193250, 0.192289, 0.190845, 0.191738, 0.195861, 0.200651, 0.203320, 0.203961, 0.204791, 0.207629, 0.212784, 0.219303, 0.225583, 0.230085, 0.231735, 0.230834, 0.230143, 0.232996, 0.238996, 0.244058, 0.245595, 0.245311, 0.246633, 0.250917, 0.256952, 0.262676, 0.266509, 0.267666, 0.266405, 0.265002, 0.266386, 0.270281, 0.272756, 0.271228, 0.267988, 0.267493, 0.270689, 0.274440, 0.275901, 0.274853, 0.272513, 0.270154, 0.268777, 0.268454, 0.267754, 0.264554, 0.258759, 0.253712, 0.252666, 0.254190, 0.254079, 0.250503, 0.245227, 0.240860, 0.238336, 0.236742, 0.234427, 0.230239, 0.224029, 0.217069, 0.211857, 0.209896, 0.209655, 0.207931, 0.203303, 0.197363, 0.192612, 0.190030, 0.188644, 0.186875, 0.183627, 0.178691, 0.173073, 0.168588, 0.166553, 0.166493, 0.166443, 0.164689, 0.161193, 0.157493, 0.155266, 0.154876, 0.155439, 0.155656, 0.154634, 0.152407, 0.150042, 0.149100, 0.150376, 0.152982, 0.155061, 0.155454, 0.154562, 0.153781, 0.154484, 0.157021, 0.160379, 0.163063, 0.164252, 0.164545, 0.165539, 0.168592, 0.173367, 0.178064, 0.181191, 0.182691, 0.183826, 0.186080, 0.190015, 0.194757, 0.198730, 0.201086, 0.202666, 0.205622, 0.210855, 0.216820, 0.221497, 0.224385, 0.226500, 0.229055, 0.232621, 0.236590, 0.239748, 0.241248, 0.241629, 0.242986, 0.246934, 0.252219, 0.255790, 0.256684, 0.257029, 0.258921, 0.261936, 0.264193, 0.264547, 0.263023, 0.260576, 0.258771, 0.259163, 0.261591, 0.263372, 0.262112, 0.258807, 0.257219, 0.258938, 0.261192, 0.260652, 0.256919, 0.251729, 0.246857, 0.243568, 0.242299, 0.242310, 0.241762, 0.238847, 0.233917, 0.230328, 0.230785, 0.233239, 0.233526, 0.230203, 0.224705, 0.218949, 0.214473, 0.212180, 0.211985, 0.212832, 0.212933, 0.210678, 0.206697, 0.204268, 0.205637, 0.208856, 0.210302, 0.208619, 0.204832, 0.200527, 0.197198, 0.196007, 0.197438, 0.200772, 0.203659, 0.203595, 0.200952, 0.199256, 0.200965, 0.204261, 0.205920, 0.204874, 0.201913, 0.198365, 0.195765, 0.195330, 0.197369, 0.200702, 0.202604, 0.201427, 0.199320, 0.199818, 0.202493, 0.203957, 0.202690, 0.199605, 0.196002, 0.193238, 0.192176, 0.192796, 0.194036, 0.194288, 0.193281, 0.193103, 0.195414, 0.198514, 0.199601, 0.198461, 0.196553, 0.194925, 0.193883, 0.193328, 0.193003, 0.192533, 0.192023, 0.192570, 0.195151, 0.198713, 0.201207, 0.202287, 0.203050, 0.203996, 0.204628, 0.204369, 0.203175, 0.201401, 0.199860, 0.199452, 0.200714, 0.202865, 0.204395, 0.204879, 0.205456, 0.206953, 0.208490, 0.208744, 0.207343, 0.204675, 0.201524, 0.198969, 0.198008, 0.198674, 0.199732, 0.199706, 0.198691, 0.198255, 0.199393, 0.201153, 0.201963, 0.201125, 0.198763, 0.195554, 0.192671, 0.191400, 0.192456, 0.195242, 0.197755, 0.198301, 0.197607, 0.197901, 0.200007, 0.202720, 0.204748, 0.205448, 0.204673, 0.202880, 0.201204, 0.201324, 0.204545, 0.209844, 0.213977, 0.214926, 0.214226, 0.214750, 0.217307, 0.220458, 0.222701, 0.223228, 0.221981, 0.219561, 0.217529, 0.218146, 0.222253, 0.226838, 0.227942, 0.225495, 0.223371, 0.224179, 0.226444, 0.227590, 0.226567, 0.223453, 0.219125, 0.215179, 0.213410, 0.214387, 0.215992, 0.214868, 0.210503, 0.206538, 0.206037, 0.207178, 0.206598, 0.203462, 0.198801, 0.193754, 0.189449, 0.186520, 0.184881, 0.183144, 0.179725, 0.174936, 0.171471, 0.170821, 0.171154, 0.169877, 0.166775, 0.163168, 0.160050, 0.157560, 0.155482, 0.153491, 0.151030, 0.147774, 0.144306, 0.142157, 0.141874, 0.142138, 0.141468, 0.139941, 0.138629, 0.138045, 0.137906, 0.137789, 0.137373, 0.136449, 0.135058, 0.133597, 0.132760, 0.133003, 0.133890, 0.134541, 0.134778, 0.135314, 0.136662, 0.138644, 0.140781, 0.142705, 0.144230, 0.145372, 0.146326, 0.147482, 0.149264, 0.151638, 0.154117, 0.156354, 0.158676, 0.161739, 0.165811, 0.170367, 0.174606, 0.178185, 0.181180, 0.183876, 0.186669, 0.189870, 0.193295, 0.196347, 0.198724, 0.200890, 0.203866, 0.208266, 0.213469, 0.218050, 0.221104, 0.222988, 0.224808, 0.227382, 0.230413, 0.232792, 0.233626, 0.233085, 0.232438, 0.233250, 0.235979, 0.239355, 0.241428, 0.241223, 0.239693, 0.238964, 0.240209, 0.241888, 0.241430, 0.237990, 0.233150, 0.229435, 0.228072, 0.228281, 0.228274, 0.226518, 0.222721, 0.218228, 0.215432, 0.215274, 0.215610, 0.213306, 0.207374, 0.199970, 0.194225, 0.191185, 0.189576, 0.187583, 0.184197, 0.179435, 0.174207, 0.170008, 0.168079, 0.167917, 0.166962, 0.163066, 0.156784, 0.150683, 0.146508, 0.144032, 0.142246, 0.140245, 0.137606, 0.134463, 0.131308, 0.128968, 0.128258, 0.128933, 0.129256, 0.127678, 0.124581, 0.121606, 0.119766, 0.118994, 0.118889, 0.119150, 0.119524, 0.119820, 0.120047, 0.120651, 0.122445, 0.125479, 0.128421, 0.129965, 0.130449, 0.131081, 0.132340, 0.134131, 0.136357, 0.138908, 0.141690, 0.144641, 0.147617, 0.151011, 0.155651, 0.161125, 0.165840, 0.169360, 0.172639, 0.176098, 0.179393, 0.182462, 0.185453, 0.188446, 0.191642, 0.195127, 0.198871, 0.203279, 0.208460, 0.213419, 0.217700, 0.221958, 0.226047, 0.228995, 0.231035, 0.232925, 0.234361, 0.235207, 0.236108, 0.237291, 0.238728, 0.240677, 0.242976, 0.245330, 0.247818, 0.249651, 0.249730, 0.249065, 0.249272, 0.249121, 0.246763, 0.243080, 0.239781, 0.237250, 0.235524, 0.234599, 0.234075, 0.233513, 0.232085, 0.229166, 0.225992, 0.224445, 0.223504, 0.220290, 0.214318, 0.207617, 0.201918, 0.197724, 0.194973, 0.193215, 0.191829, 0.189903, 0.186577, 0.182282, 0.178955, 0.177438, 0.175869, 0.172212, 0.166646, 0.160657, 0.155467, 0.151890, 0.150311, 0.150424, 0.151250, 0.151331, 0.149559, 0.146439, 0.143789, 0.142554, 0.141909, 0.140699, 0.138595, 0.135941, 0.133424, 0.131860, 0.132048, 0.134426, 0.138172, 0.141155, 0.141808, 0.140617, 0.139175, 0.138564, 0.139050, 0.140221, 0.141253, 0.141569, 0.141273, 0.141331, 0.143312, 0.147803, 0.153288, 0.157600, 0.159853, 0.160588, 0.160946, 0.161915, 0.163949, 0.166655, 0.168884, 0.169794, 0.170193, 0.172168, 0.176668, 0.182466, 0.187830, 0.191996, 0.195015, 0.197183, 0.198898, 0.200827, 0.203228, 0.205154, 0.205609, 0.205393, 0.206428, 0.209358, 0.213059, 0.216474, 0.219477, 0.222100, 0.224166, 0.225495, 0.226056, 0.226198, 0.225999, 0.224835, 0.222809, 0.221271, 0.220836, 0.220709, 0.220522, 0.220686, 0.221004, 0.220898, 0.220396, 0.219399, 0.217489, 0.214858, 0.211880, 0.208399, 0.204651, 0.201256, 0.198178, 0.195375, 0.193291, 0.191708, 0.189865, 0.187824, 0.186086, 0.184397, 0.182105, 0.179137, 0.175696, 0.171954, 0.168204, 0.164761, 0.161908, 0.159983, 0.159023, 0.158257, 0.156871, 0.155183, 0.154163, 0.153940, 0.153769, 0.153081, 0.151772, 0.149836, 0.147499, 0.145290, 0.143912, 0.143994, 0.145379, 0.146785, 0.146926, 0.146036, 0.145506, 0.146212, 0.147762, 0.149190, 0.149689, 0.148903, 0.146976, 0.144791, 0.143883, 0.145264, 0.148009, 0.149938, 0.149869, 0.148732, 0.148575, 0.150462, 0.153601, 0.156338, 0.157323, 0.156172, 0.153888, 0.152606, 0.153930, 0.157192, 0.159957, 0.160434, 0.159276, 0.158938, 0.161230, 0.165626, 0.170090, 0.172686, 0.172669, 0.171082, 0.170261, 0.171830, 0.174991, 0.177367, 0.177504, 0.176125, 0.175348, 0.176886, 0.180602, 0.184630, 0.187030, 0.187188, 0.185980, 0.185040, 0.185445, 0.186721, 0.187286, 0.186231, 0.184112, 0.182284, 0.181853, 0.182964, 0.184681, 0.185754, 0.185494, 0.184201, 0.182778, 0.181813, 0.181044, 0.179865, 0.178020, 0.175722, 0.173491, 0.171912, 0.171318, 0.171514, 0.171969, 0.172101, 0.171705, 0.171065, 0.170501, 0.169937, 0.169144, 0.168132, 0.167073, 0.166225, 0.165831, 0.166016, 0.166780, 0.168078, 0.169567, 0.170883, 0.172030, 0.173192, 0.174253, 0.174907, 0.175213, 0.175497, 0.175960, 0.176568, 0.177337, 0.178335, 0.179598, 0.181034, 0.182540, 0.184058, 0.185689, 0.187118, 0.187588, 0.187046, 0.186656, 0.187129, 0.187679, 0.187465, 0.186577, 0.185526, 0.184741, 0.184599, 0.185129, 0.186137, 0.186987, 0.186397, 0.183981, 0.181858, 0.182138, 0.183444, 0.182961, 0.180252, 0.176889, 0.174265, 0.172918, 0.172831, 0.173434, 0.173725, 0.172496, 0.169676, 0.167526, 0.168648, 0.171693, 0.172651, 0.170112, 0.166426, 0.164030, 0.163264, 0.163526, 0.164068, 0.164032, 0.162763, 0.160376, 0.158638, 0.160005, 0.163976, 0.166839, 0.166211, 0.163499, 0.161331, 0.160624, 0.160849, 0.161288, 0.161276, 0.160401, 0.158536, 0.156336, 0.155680, 0.158015, 0.161884, 0.164288, 0.164139, 0.162712, 0.161440, 0.160681, 0.160433, 0.160698, 0.161256, 0.161649, 0.161437, 0.160839, 0.161222, 0.163838, 0.167992, 0.171671, 0.173840, 0.174846, 0.175230, 0.175343, 0.175657, 0.176616, 0.178507, 0.181166, 0.183706, 0.185752, 0.188361, 0.192440, 0.197177, 0.201266, 0.204340, 0.206457, 0.207711, 0.208428, 0.209004, 0.209935, 0.211726, 0.214151, 0.216606, 0.219269, 0.222648, 0.226240, 0.229171, 0.231231, 0.232361, 0.232509, 0.231922, 0.230825, 0.229483, 0.228399, 0.227798, 0.227669, 0.228154, 0.229152, 0.230100, 0.230692, 0.230897, 0.230166, 0.228022, 0.224899, 0.221435, 0.217857, 0.214339, 0.211142, 0.208418, 0.206214, 0.204352, 0.202925, 0.202419, 0.202444, 0.201267, 0.198101, 0.193980, 0.189903, 0.185969, 0.182266, 0.178839, 0.175470, 0.172077, 0.168937, 0.166949, 0.166992, 0.168333, 0.168716, 0.167012, 0.164181, 0.161387, 0.158915, 0.156808, 0.155005, 0.153092, 0.150613, 0.147727, 0.145696, 0.146055, 0.148545, 0.151172, 0.152385, 0.152106, 0.151018, 0.149734, 0.148815, 0.148647, 0.149090, 0.149352, 0.148610, 0.147173, 0.146711, 0.148738, 0.152918, 0.157522, 0.161129, 0.163255, 0.164018, 0.163842, 0.163686, 0.164885, 0.167906, 0.171492, 0.173822, 0.174647, 0.175664, 0.178760, 0.184121, 0.190507, 0.196455, 0.200920, 0.203367, 0.203913, 0.203744, 0.205111, 0.209283, 0.214547, 0.218067, 0.219475, 0.220959, 0.224230, 0.229150, 0.234674, 0.239650, 0.243106, 0.244436, 0.243720, 0.242637, 0.243549, 0.246387, 0.248524, 0.248572, 0.247955, 0.248590, 0.250569, 0.252779, 0.254308, 0.254763, 0.254037, 0.252142, 0.249566, 0.247335, 0.245692, 0.243475, 0.240186, 0.236990, 0.234987, 0.233643, 0.231967, 0.229754, 0.227224, 0.224310, 0.220935, 0.217133, 0.212953, 0.208462, 0.203694, 0.198851, 0.194451, 0.190660, 0.187014, 0.183326, 0.179908, 0.176863, 0.173826, 0.170454, 0.166712, 0.162784, 0.158868, 0.155165, 0.151713, 0.148436, 0.145190, 0.141938, 0.139024, 0.136943, 0.135615, 0.134466, 0.132965, 0.130964, 0.128834, 0.127149, 0.126196, 0.125904, 0.125854, 0.125445, 0.124577, 0.123813, 0.123865, 0.125019, 0.126921, 0.128790, 0.129959, 0.130269, 0.130365, 0.131284, 0.133695, 0.137330, 0.141064, 0.143818, 0.145513, 0.147016, 0.149484, 0.153443, 0.158308, 0.162922, 0.166210, 0.167780, 0.168690, 0.171064, 0.176093, 0.182681, 0.188429, 0.191974, 0.194016, 0.196323, 0.200152, 0.205545, 0.211313, 0.215628, 0.217196, 0.216729, 0.217054, 0.220786, 0.227292, 0.233047, 0.235538, 0.235784, 0.236541, 0.239193, 0.243171, 0.246888, 0.248718, 0.247758, 0.244690, 0.242300, 0.243379, 0.247163, 0.249787, 0.248848, 0.246069, 0.244721, 0.245575, 0.246921, 0.246902, 0.244682, 0.240492, 0.235276, 0.230620, 0.228143, 0.227645, 0.226607, 0.223123, 0.218589, 0.215767, 0.214990, 0.214265, 0.212000, 0.208073, 0.202899, 0.197079, 0.191493, 0.186949, 0.183713, 0.180966, 0.177491, 0.173476, 0.170484, 0.169350, 0.168869, 0.167493, 0.164944, 0.161498, 0.157453, 0.153265, 0.149483, 0.146583, 0.144618, 0.142999, 0.141220, 0.139830, 0.139868, 0.141070, 0.142195, 0.142442, 0.141847, 0.140649, 0.139059, 0.137466, 0.136244, 0.135684, 0.135685, 0.135744, 0.136076, 0.137668, 0.140709, 0.143934, 0.146349, 0.148170, 0.149725, 0.151047, 0.152052, 0.152898, 0.153688, 0.154381, 0.155142, 0.156684, 0.159971, 0.164640, 0.168988, 0.172276, 0.175548, 0.179664, 0.183985, 0.187652, 0.190175, 0.191504, 0.192039, 0.192881, 0.195418, 0.199747, 0.204176, 0.207050, 0.209018, 0.212216, 0.217281, 0.222702, 0.226598, 0.228040, 0.227508, 0.226521, 0.226856, 0.229217, 0.232264, 0.233665, 0.232922, 0.232261, 0.234211, 0.238357, 0.242198, 0.243595, 0.242005, 0.238526, 0.235179, 0.233996, 0.234974, 0.235876, 0.234356, 0.230669, 0.227486, 0.227067, 0.229116, 0.231309, 0.231460, 0.228759, 0.223848, 0.218395, 0.214537, 0.213475, 0.214115, 0.213853, 0.211294, 0.207609, 0.205124, 0.204917, 0.206071, 0.207081, 0.206784, 0.204662, 0.200731, 0.196173, 0.192985, 0.192549, 0.194137, 0.195544, 0.195418, 0.194378, 0.193882, 0.194446, 0.195612, 0.196668, 0.197093, 0.196426, 0.194450, 0.191629, 0.189693, 0.190222, 0.192411, 0.194004, 0.194318, 0.194461, 0.195190, 0.196238, 0.197129, 0.197497, 0.197125, 0.195922, 0.193783, 0.191499, 0.190659, 0.191384, 0.191820, 0.191234, 0.190937, 0.191823, 0.193046, 0.193981, 0.194498, 0.194569, 0.194154, 0.193380, 0.192368, 0.191845, 0.191808, 0.191401, 0.190778, 0.191399, 0.193108, 0.194422, 0.195315, 0.196948, 0.199069, 0.200833, 0.202210, 0.203248, 0.203869, 0.204307, 0.204636, 0.205301, 0.206723, 0.207787, 0.207465, 0.207181, 0.208857, 0.211674, 0.213616, 0.214226, 0.214324, 0.214511, 0.214980, 0.215680, 0.216481, 0.216992, 0.216278, 0.213902, 0.211555, 0.211573, 0.213663, 0.215153, 0.214573, 0.212750, 0.211216, 0.210676, 0.211183, 0.212303, 0.213211, 0.212865, 0.210646, 0.207195, 0.204788, 0.205228, 0.207672, 0.209554, 0.209523, 0.208188, 0.206926, 0.206790, 0.208193, 0.210810, 0.213659, 0.215213, 0.214263, 0.211500, 0.209473, 0.210388, 0.213908, 0.217930, 0.220482, 0.221101, 0.220710, 0.220875, 0.222617, 0.226086, 0.230034, 0.232302, 0.231452, 0.228462, 0.226267, 0.227073, 0.230393, 0.233854, 0.235594, 0.235320, 0.234183, 0.233823, 0.235228, 0.237544, 0.238532, 0.236692, 0.232725, 0.228906, 0.227122, 0.227124, 0.227322, 0.226356, 0.224196, 0.221953, 0.220780, 0.220836, 0.220711, 0.218822, 0.214882, 0.210208, 0.206394, 0.203505, 0.200701, 0.197516, 0.194195, 0.191249, 0.189270, 0.188402, 0.188062, 0.187113, 0.185110, 0.182675, 0.180615, 0.178734, 0.176143, 0.172901, 0.169753, 0.167246, 0.165538, 0.164553, 0.164076, 0.163840, 0.163690, 0.163657, 0.164156, 0.165023, 0.165115, 0.163787, 0.161900, 0.160539, 0.159681, 0.159008, 0.158367, 0.157856, 0.157659, 0.157990, 0.159015, 0.160860, 0.163284, 0.165064, 0.165202, 0.164301, 0.164026, 0.164939, 0.166164, 0.167066, 0.167673, 0.168307, 0.169278, 0.170971, 0.173791, 0.177913, 0.182663, 0.186152, 0.187186, 0.187033, 0.188225, 0.191395, 0.195081, 0.198116, 0.200255, 0.201856, 0.203534, 0.206010, 0.209994, 0.215853, 0.222155, 0.225651, 0.225326, 0.224410, 0.226535, 0.231070, 0.234888, 0.236480, 0.236314, 0.235683, 0.235988, 0.238129, 0.242304, 0.247347, 0.250312, 0.248791, 0.244963, 0.244323, 0.247956, 0.250879, 0.249499, 0.245113, 0.240743, 0.238078, 0.237574, 0.238637, 0.239825, 0.239329, 0.235892, 0.230794, 0.227970, 0.229081, 0.229960, 0.226279, 0.219022, 0.212052, 0.207283, 0.204269, 0.202044, 0.199723, 0.196660, 0.192552, 0.187853, 0.184313, 0.183196, 0.182442, 0.178879, 0.172380, 0.165538, 0.160158, 0.156045, 0.152570, 0.149437, 0.146410, 0.143443, 0.140623, 0.138387, 0.137376, 0.137140, 0.135906, 0.132689, 0.128502, 0.124806, 0.121892, 0.119631, 0.118092, 0.117233, 0.116955, 0.117184, 0.117903, 0.119357, 0.121508, 0.123466, 0.124298, 0.124105, 0.123686, 0.123542, 0.123830, 0.124734, 0.126362, 0.128777, 0.131973, 0.135831, 0.140422, 0.145580, 0.150407, 0.154282, 0.157432, 0.160248, 0.162816, 0.165199, 0.167575, 0.170252, 0.173561, 0.177783, 0.183044, 0.189195, 0.195378, 0.200606, 0.205077, 0.209614, 0.213955, 0.217255, 0.219354, 0.220713, 0.222036, 0.224003, 0.227025, 0.231195, 0.235758, 0.239143, 0.241083, 0.243528, 0.247684, 0.251571, 0.252794, 0.251566, 0.249638, 0.248209, 0.247802, 0.248422, 0.249456, 0.249866, 0.248672, 0.246428, 0.245872, 0.248480, 0.251090, 0.249707, 0.244659, 0.239280, 0.235421, 0.232882, 0.231087, 0.229287, 0.226595, 0.222520, 0.217579, 0.213865, 0.213502, 0.215159, 0.214749, 0.210343, 0.203847, 0.197927, 0.193547, 0.190469, 0.188116, 0.185821, 0.182999, 0.179120, 0.174487, 0.170934, 0.170206, 0.171309, 0.171398, 0.169013, 0.165021, 0.160881, 0.157355, 0.154832, 0.153434, 0.152847, 0.152455, 0.151457, 0.149441, 0.147434, 0.147220, 0.148905, 0.150611, 0.150961, 0.150117, 0.148724, 0.147277, 0.146214, 0.145897, 0.146491, 0.147613, 0.148258, 0.148011, 0.148005, 0.149632, 0.152581, 0.155430, 0.157476, 0.158885, 0.159944, 0.160832, 0.161707, 0.162885, 0.164615, 0.166411, 0.167576, 0.168651, 0.170949, 0.174592, 0.178632, 0.182573, 0.186516, 0.190295, 0.193684, 0.196618, 0.199060, 0.201206, 0.203262, 0.204910, 0.206171, 0.207840, 0.210286, 0.213112, 0.216330, 0.220004, 0.223647, 0.226983, 0.230054, 0.232343, 0.233468, 0.233855, 0.233778, 0.233198, 0.232417, 0.231778, 0.231451, 0.231644, 0.232258, 0.232883, 0.233522, 0.234480, 0.235307, 0.234950, 0.232972, 0.229896, 0.226388, 0.222849, 0.219580, 0.216864, 0.214715, 0.212738, 0.210640, 0.208754, 0.207568, 0.207047, 0.206345, 0.204434, 0.200882, 0.196082, 0.190949, 0.186476, 0.183281, 0.181366, 0.180160, 0.178903, 0.177242, 0.175506, 0.174310, 0.173778, 0.173421, 0.172576, 0.170608, 0.167272, 0.163185, 0.159723, 0.158085, 0.158465, 0.160003, 0.161481, 0.162099, 0.161787, 0.160976, 0.160314, 0.160425, 0.161233, 0.161701, 0.160614, 0.157918, 0.155109, 0.154122, 0.155553, 0.158391, 0.161152, 0.162872, 0.163237, 0.162557, 0.161761, 0.162227, 0.164276, 0.165952, 0.165114, 0.162310, 0.160160, 0.160417, 0.162699, 0.165665, 0.168182, 0.169731, 0.170436, 0.170716, 0.171646, 0.174351, 0.177708, 0.178776, 0.176954, 0.175061, 0.175484, 0.177576, 0.179833, 0.181704, 0.183236, 0.184528, 0.185851, 0.187588, 0.190327, 0.193730, 0.195816, 0.195340, 0.194112, 0.194344, 0.195467, 0.196011, 0.196032, 0.196040, 0.196098, 0.196375, 0.196952, 0.197742, 0.198969, 0.200217, 0.200341, 0.199419, 0.198637, 0.198012, 0.196662, 0.194775, 0.192984, 0.191266, 0.189575, 0.188258, 0.187281, 0.186468, 0.185997, 0.185816, 0.185399, 0.184633, 0.183638, 0.182119, 0.180064, 0.178037, 0.176136, 0.173996, 0.171975, 0.170795, 0.170446, 0.170571, 0.171140, 0.171985, 0.172721, 0.173169, 0.173120, 0.172441, 0.171739, 0.171569, 0.171258, 0.170091, 0.168772, 0.168474, 0.169436, 0.171325, 0.173732, 0.176085, 0.177866, 0.178609, 0.178073, 0.177097, 0.177147, 0.178058, 0.178049, 0.176341, 0.174144, 0.173107, 0.173862, 0.175995, 0.178624, 0.180760, 0.181436, 0.179998, 0.177463, 0.176435, 0.177507, 0.177951, 0.175680, 0.171709, 0.168402, 0.167225, 0.168333, 0.170836, 0.173180, 0.173828, 0.172085, 0.169293, 0.168430, 0.170180, 0.171288, 0.169157, 0.164799, 0.160864, 0.159059, 0.159760, 0.162171, 0.164823, 0.166090, 0.165170, 0.163488, 0.163807, 0.166251, 0.167771, 0.166422, 0.163075, 0.159584, 0.157366, 0.157095, 0.158517, 0.160669, 0.162265, 0.162396, 0.161792, 0.162269, 0.164026, 0.165205, 0.164480, 0.162186, 0.159261, 0.156562, 0.154818, 0.154451, 0.155469, 0.157164, 0.158412, 0.158943, 0.159603, 0.160768, 0.161694, 0.161666, 0.160743, 0.159263, 0.157636, 0.156363, 0.155882, 0.156547, 0.158546, 0.161399, 0.164209, 0.166726, 0.169212, 0.171386, 0.172773, 0.173525, 0.173892, 0.174027, 0.174343, 0.175230, 0.176713, 0.178988, 0.182239, 0.185989, 0.189707, 0.193352, 0.196505, 0.198585, 0.199973, 0.201128, 0.201618, 0.201366, 0.201239, 0.201726, 0.202761, 0.204431, 0.206654, 0.209057, 0.211448, 0.213150, 0.213507, 0.213391, 0.213946, 0.214225, 0.212712, 0.209770, 0.206914, 0.204996, 0.204060, 0.203881, 0.204049, 0.204061, 0.203203, 0.201149, 0.199078, 0.198679, 0.199013, 0.197241, 0.192697, 0.187497, 0.183520, 0.181087, 0.179769, 0.178795, 0.177313, 0.174879, 0.171827, 0.169530, 0.169345, 0.170422, 0.170022, 0.166777, 0.162039, 0.158067, 0.155925, 0.155234, 0.154971, 0.154167, 0.152332, 0.149778, 0.147836, 0.147849, 0.149566, 0.151131, 0.150910, 0.148747, 0.145832, 0.143682, 0.143127, 0.143877, 0.144943, 0.145346, 0.144698, 0.143521, 0.142919, 0.143703, 0.145733, 0.148027, 0.149473, 0.149634, 0.148906, 0.148201, 0.148526, 0.150371, 0.153209, 0.155977, 0.157986, 0.159294, 0.160446, 0.162053, 0.164476, 0.167698, 0.171262, 0.174362, 0.176489, 0.177972, 0.179815, 0.182800, 0.186814, 0.191023, 0.194688, 0.197634, 0.200054, 0.202236, 0.204575, 0.207531, 0.211237, 0.214979, 0.217763, 0.219669, 0.221762, 0.224584, 0.227602, 0.230250, 0.232394, 0.233967, 0.234937, 0.235453, 0.235754, 0.236385, 0.237731, 0.239071, 0.239634, 0.239870, 0.240296, 0.240550, 0.240350, 0.239712, 0.238433, 0.236645, 0.234703, 0.232251, 0.229237, 0.226579, 0.224586, 0.222643, 0.220648, 0.218787, 0.216770, 0.214473, 0.211945, 0.208686, 0.204644, 0.200869, 0.197433, 0.193176, 0.188218, 0.183723, 0.179928, 0.176602, 0.173839, 0.171514, 0.169462, 0.167529, 0.164935, 0.161239, 0.157764, 0.155493, 0.153073, 0.149428, 0.145328, 0.141601, 0.138508, 0.136341, 0.135148, 0.134775, 0.135096, 0.135257, 0.134059, 0.132129, 0.131343, 0.131718, 0.131682, 0.130653, 0.129118, 0.127609, 0.126597, 0.126531, 0.127648, 0.130149, 0.133687, 0.136650, 0.137716, 0.137740, 0.138699, 0.141108, 0.143893, 0.146257, 0.148156, 0.149635, 0.150927, 0.152384, 0.154787, 0.159424, 0.166084, 0.172130, 0.175337, 0.176499, 0.178016, 0.180978, 0.185073, 0.189642, 0.193853, 0.197128, 0.199149, 0.200210, 0.202154, 0.207356, 0.214940, 0.220945, 0.223282, 0.223533, 0.224275, 0.226468, 0.229672, 0.233102, 0.235828, 0.237049, 0.236677, 0.236172, 0.237949, 0.242316, 0.246290, 0.247201, 0.245596, 0.243917, 0.243396, 0.243507, 0.243403, 0.242564, 0.240741, 0.238169, 0.235699, 0.234460, 0.234508, 0.234127, 0.231859, 0.228277, 0.224705, 0.221569, 0.218373, 0.214880, 0.211041, 0.206946, 0.202907, 0.199183, 0.195944, 0.193011, 0.189799, 0.185996, 0.181857, 0.177674, 0.173326, 0.168750, 0.164144, 0.159697, 0.155625, 0.152020, 0.148833, 0.145947, 0.143208, 0.140412, 0.137637, 0.134942, 0.132150, 0.129008, 0.125693, 0.122532, 0.119817, 0.117762, 0.116430, 0.115685, 0.115310, 0.115038, 0.114744, 0.114695, 0.115083, 0.115439, 0.115221, 0.114486, 0.113784, 0.113577, 0.114153, 0.115664, 0.118008, 0.120820, 0.123471, 0.125636, 0.128001, 0.131421, 0.135431, 0.138565, 0.140304, 0.141362, 0.142759, 0.145013, 0.148396, 0.152789, 0.157680, 0.162099, 0.165210, 0.168093, 0.173072, 0.180017, 0.185677, 0.188321, 0.189247, 0.190392, 0.192584, 0.196092, 0.200533, 0.205003, 0.208412, 0.209975, 0.211085, 0.215152, 0.222746, 0.229053, 0.230488, 0.228822, 0.227707, 0.228256, 0.229927, 0.231883, 0.233274, 0.233419, 0.232049, 0.230462, 0.231772, 0.236900, 0.241438, 0.241093, 0.236905, 0.233093, 0.231118, 0.229816, 0.228164, 0.225810, 0.222641, 0.218971, 0.215516, 0.213845, 0.215024, 0.217058, 0.216235, 0.211922, 0.206911, 0.203064, 0.199622, 0.195918, 0.192005, 0.187971, 0.183977, 0.180409, 0.177790, 0.176913, 0.177591, 0.177860, 0.176031, 0.172582, 0.168946, 0.165547, 0.162262, 0.159264, 0.156736, 0.154766, 0.153383, 0.152450, 0.152283, 0.153332, 0.154918, 0.155643, 0.154999, 0.153533, 0.151704, 0.149764, 0.148039, 0.146799, 0.146233, 0.146371, 0.147036, 0.148306, 0.150362, 0.152714, 0.154438, 0.155284, 0.155622, 0.155519, 0.154964, 0.154177, 0.153485, 0.153230, 0.153671, 0.154969, 0.157300, 0.160428, 0.163422, 0.166009, 0.168736, 0.171706, 0.174026, 0.175300, 0.175938, 0.176326, 0.176920, 0.178135, 0.180280, 0.183219, 0.186246, 0.188826, 0.192002, 0.196898, 0.202071, 0.205354, 0.206963, 0.208143, 0.209337, 0.210531, 0.211952, 0.213391, 0.214509, 0.214913, 0.215252, 0.217571, 0.222498, 0.227097, 0.228567, 0.227891, 0.227525, 0.227965, 0.228521, 0.228624, 0.227892, 0.226158, 0.223466, 0.220765, 0.220255, 0.223051, 0.226381, 0.226786, 0.224209, 0.221317, 0.219673, 0.218807, 0.217911, 0.216517, 0.214195, 0.210831, 0.206732, 0.203229, 0.202334, 0.204273, 0.206406, 0.206115, 0.203671, 0.201019, 0.199100, 0.197762, 0.196854, 0.196165, 0.195310, 0.193805, 0.191372, 0.188822, 0.188113, 0.190003, 0.192665, 0.193954, 0.193700, 0.192873, 0.192111, 0.191641, 0.191569, 0.191812, 0.192230, 0.192295, 0.191199, 0.189500, 0.189158, 0.190892, 0.193060, 0.194148, 0.194294, 0.194202, 0.194036, 0.193828, 0.193625, 0.193381, 0.193046, 0.192121, 0.190319, 0.188613, 0.188299, 0.188876, 0.189060, 0.188832, 0.188935, 0.189311, 0.189603, 0.189823, 0.189851, 0.189659, 0.189241, 0.188393, 0.187325, 0.186669, 0.186320, 0.185910, 0.185962, 0.186852, 0.188080, 0.189382, 0.191051, 0.192957, 0.194626, 0.196034, 0.197118, 0.197793, 0.198057, 0.198022, 0.197895, 0.197976, 0.198211, 0.198416, 0.199031, 0.200612, 0.202940, 0.205060, 0.206432, 0.207220, 0.207710, 0.207950, 0.207873, 0.207391, 0.206308, 0.204514, 0.202405, 0.200944, 0.200997, 0.202325, 0.203779, 0.204442, 0.204144, 0.203285, 0.202441, 0.201999, 0.201705, 0.200795, 0.198733, 0.195763, 0.193007, 0.191680, 0.192243, 0.194199, 0.196448, 0.197818, 0.197694, 0.196482, 0.195242, 0.195016, 0.195867, 0.196753, 0.196538, 0.195215, 0.193895, 0.193738, 0.195362, 0.198662, 0.202770, 0.206220, 0.207542, 0.206464, 0.204625, 0.204283, 0.205953, 0.208080, 0.209149, 0.208917, 0.208151, 0.207987, 0.209212, 0.211921, 0.215435, 0.218257, 0.218472, 0.215807, 0.212831, 0.212112, 0.213009, 0.213162, 0.211649, 0.209314, 0.207245, 0.206132, 0.206147, 0.207029, 0.207954, 0.207496, 0.204823, 0.201281, 0.199290, 0.198688, 0.197040, 0.193611, 0.189907, 0.186991, 0.184852, 0.183372, 0.182377, 0.181600, 0.180778, 0.179460, 0.177939, 0.177307, 0.177194, 0.175913, 0.173530, 0.171548, 0.170149, 0.168638, 0.167134, 0.165918, 0.165017, 0.164557, 0.164551, 0.164813, 0.165435, 0.166280, 0.166622, 0.166533, 0.166736, 0.166830, 0.166033, 0.164842, 0.163955, 0.163107, 0.162070, 0.161287, 0.160978, 0.161055, 0.161594, 0.162420, 0.163272, 0.164322, 0.165251, 0.165125, 0.164145, 0.163639, 0.163747, 0.163452, 0.162644, 0.162043, 0.161991, 0.162648, 0.164185, 0.166384, 0.169095, 0.172154, 0.174521, 0.175167, 0.174981, 0.175803, 0.177723, 0.179421, 0.180415, 0.181291, 0.182574, 0.184585, 0.187490, 0.191267, 0.196032, 0.201080, 0.204150, 0.204151, 0.203373, 0.204609, 0.207365, 0.209550, 0.210502, 0.210729, 0.210923, 0.211865, 0.214102, 0.217905, 0.222851, 0.226405, 0.225754, 0.222130, 0.220086, 0.221049, 0.222220, 0.221486, 0.219055, 0.215992, 0.213541, 0.212742, 0.214017, 0.216748, 0.218351, 0.216035, 0.210673, 0.206292, 0.204510, 0.202988, 0.199671, 0.194660, 0.189189, 0.184586, 0.181708, 0.180773, 0.181051, 0.180581, 0.177538, 0.172740, 0.168706, 0.165882, 0.162537, 0.157816, 0.152271, 0.146767, 0.142126, 0.138980, 0.137511, 0.137097, 0.136503, 0.134928, 0.132924, 0.131402, 0.130043, 0.127872, 0.124729, 0.121081, 0.117413, 0.114276, 0.112203, 0.111435, 0.111825, 0.112704, 0.113518, 0.114473, 0.115787, 0.116926, 0.117312, 0.116955, 0.116024, 0.114780, 0.113696, 0.113220, 0.113696, 0.115388, 0.118059, 0.121183, 0.124703, 0.128635, 0.132374, 0.135397, 0.137808, 0.139636, 0.140874, 0.142015, 0.143523, 0.145577, 0.148539, 0.152507, 0.157023, 0.162012, 0.167664, 0.173158, 0.177532, 0.181131, 0.184562, 0.187434, 0.189494, 0.191163, 0.192878, 0.194958, 0.197689, 0.201010, 0.205005, 0.209993, 0.214931, 0.217950, 0.219446, 0.221506, 0.224218, 0.225846, 0.225848, 0.224915, 0.223690, 0.222795, 0.222845, 0.224157, 0.226554, 0.228680, 0.228594, 0.226557, 0.225400, 0.226271, 0.226776, 0.224800, 0.220689, 0.215756, 0.211209, 0.208001, 0.206440, 0.206011, 0.205198, 0.202399, 0.197939, 0.194185, 0.192571, 0.191642, 0.189164, 0.184370, 0.178080, 0.171705, 0.166465, 0.162941, 0.160836, 0.158999, 0.156128, 0.151987, 0.147692, 0.144527, 0.142505, 0.140521, 0.137569, 0.133445, 0.128598, 0.123856, 0.120156, 0.117946, 0.116772, 0.115732, 0.114238, 0.112333, 0.110458, 0.109029, 0.108145, 0.107563, 0.106878, 0.105807, 0.104399, 0.103087, 0.102502, 0.103013, 0.104431, 0.106182, 0.107874, 0.109410, 0.110790, 0.112105, 0.113635, 0.115620, 0.117993, 0.120399, 0.122586, 0.124786, 0.127541, 0.131068, 0.135136, 0.139469, 0.143829, 0.147964, 0.151686, 0.154946, 0.157992, 0.161422, 0.165460, 0.169579, 0.173455, 0.177481, 0.181846, 0.186365, 0.190940, 0.195415, 0.199678, 0.203784, 0.207365, 0.209899, 0.211856, 0.214151, 0.216787, 0.219374, 0.222071, 0.224911, 0.227679, 0.230338, 0.232600, 0.234036, 0.235189, 0.236659, 0.237462, 0.236725, 0.235364, 0.234265, 0.233200, 0.232203, 0.231558, 0.231058, 0.230657, 0.230180, 0.228679, 0.226086, 0.223905, 0.222318, 0.219620, 0.215482, 0.211015, 0.206585, 0.202217, 0.198336, 0.194937, 0.192057, 0.189870, 0.187331, 0.183362, 0.179016, 0.175638, 0.172478, 0.168367, 0.163495, 0.158359, 0.153153, 0.148231, 0.143885, 0.140359, 0.138003, 0.136458, 0.134406, 0.131243, 0.127929, 0.125333, 0.123030, 0.120480, 0.117768, 0.114973, 0.112137, 0.109415, 0.106996, 0.105448, 0.105394, 0.106400, 0.107169, 0.107060, 0.106509, 0.106115, 0.106068, 0.106391, 0.107092, 0.108079, 0.109110, 0.109776, 0.109945, 0.110564, 0.112885, 0.116685, 0.120544, 0.123614, 0.125945, 0.127916, 0.129966, 0.132479, 0.135778, 0.139885, 0.143927, 0.146704, 0.148242, 0.150230, 0.154180, 0.159647, 0.164987, 0.169272, 0.172534, 0.175147, 0.177657, 0.180795, 0.185130, 0.190213, 0.194302, 0.196302, 0.197428, 0.199828, 0.203970, 0.208493, 0.212071, 0.214317, 0.215523, 0.216344, 0.217569, 0.219667, 0.222447, 0.224779, 0.225507, 0.225061, 0.225081, 0.226182, 0.227497, 0.227952, 0.227203, 0.225573, 0.223574, 0.221660, 0.220201, 0.219128, 0.217917, 0.216151, 0.213991, 0.211887, 0.209871, 0.207663, 0.204933, 0.201474, 0.197451, 0.193150, 0.188781, 0.184614, 0.180731, 0.177109, 0.173735, 0.170623, 0.167731, 0.164851, 0.161788, 0.158379, 0.154496, 0.150201, 0.145681, 0.141130, 0.136849, 0.133009, 0.129751, 0.127167, 0.125178, 0.123604, 0.122208, 0.120879, 0.119568, 0.118041, 0.116087, 0.113702, 0.111128, 0.108710, 0.106705, 0.105425, 0.105042, 0.105555, 0.106660, 0.107758, 0.108706, 0.109858, 0.111335, 0.112719, 0.113549, 0.113811, 0.113629, 0.113340, 0.113482, 0.114541, 0.116910, 0.120301, 0.123609, 0.126176, 0.128775, 0.132505, 0.137091, 0.141405, 0.144748, 0.146875, 0.147997, 0.148711, 0.150133, 0.153348, 0.157913, 0.161997, 0.164500, 0.166618, 0.170454, 0.176332, 0.182711, 0.187880, 0.191159, 0.192611, 0.192800, 0.193212, 0.195444, 0.199249, 0.202173, 0.202642, 0.202245, 0.203891, 0.208295, 0.213526, 0.217645, 0.219871, 0.220106, 0.218885, 0.217435, 0.217193, 0.218033, 0.217973, 0.215632, 0.212372, 0.210985, 0.212246, 0.214556, 0.216095, 0.216096, 0.214584, 0.211913, 0.208686, 0.205692, 0.203355, 0.200681, 0.196557, 0.191767, 0.188145, 0.186516, 0.186188, 0.186106, 0.185430, 0.183763, 0.181088, 0.177578, 0.173726, 0.170056, 0.166609, 0.162924, 0.159154, 0.156040, 0.154201, 0.153614, 0.153779, 0.154097, 0.154008, 0.153236, 0.151583, 0.149234, 0.146675, 0.144261, 0.142051, 0.140146, 0.138970, 0.138791, 0.139562, 0.140949, 0.142543, 0.143910, 0.144686, 0.144720, 0.144045, 0.142968, 0.141713, 0.140438, 0.139338, 0.138908, 0.139372, 0.140512, 0.142143, 0.144222, 0.146527, 0.148654, 0.150417, 0.151671, 0.152426, 0.152613, 0.152330, 0.152245, 0.153127, 0.154613, 0.155989, 0.157550, 0.160021, 0.163493, 0.167515, 0.171644, 0.175353, 0.178397, 0.180393, 0.181631, 0.183574, 0.186734, 0.189213, 0.189818, 0.190044, 0.191900, 0.195470, 0.199658, 0.203622, 0.206843, 0.209154, 0.210621, 0.211852, 0.214178, 0.217776, 0.219890, 0.218433, 0.215433, 0.214691, 0.216783, 0.219388, 0.220910, 0.221241, 0.220673, 0.219650, 0.218902, 0.219253, 0.221101, 0.222754, 0.221341, 0.216665, 0.212317, 0.211070, 0.211774, 0.211973, 0.210948, 0.208998, 0.206628, 0.204402, 0.202798, 0.202286, 0.203179, 0.204031, 0.202445, 0.198406, 0.194634, 0.193079, 0.192921, 0.192702, 0.192096, 0.191239, 0.190248, 0.189402, 0.188875, 0.189052, 0.190506, 0.192611, 0.193230, 0.191557, 0.189387, 0.188534, 0.188625, 0.188899, 0.189327, 0.189961, 0.190674, 0.191516, 0.192254, 0.193140, 0.194942, 0.197166, 0.197842, 0.196679, 0.195248, 0.194403, 0.193616, 0.192805, 0.192247, 0.192017, 0.192246, 0.192854, 0.193483, 0.194349, 0.195572, 0.196161, 0.195447, 0.194264, 0.192979, 0.191207, 0.189124, 0.187324, 0.185921, 0.184998, 0.184852, 0.185403, 0.186530, 0.188024, 0.189569, 0.190835, 0.191797, 0.191937, 0.191327, 0.190734, 0.190287, 0.189404, 0.188461, 0.188232, 0.188935, 0.190585, 0.193025, 0.195934, 0.198733, 0.200900, 0.202170, 0.203407, 0.204846, 0.205311, 0.203994, 0.202034, 0.200687, 0.200494, 0.201439, 0.203243, 0.205334, 0.207003, 0.207655, 0.207655, 0.208612, 0.210408, 0.210830, 0.208687, 0.205193, 0.201860, 0.199620, 0.198960, 0.199857, 0.201707, 0.203481, 0.203842, 0.202546, 0.201419, 0.202031, 0.203286, 0.203116, 0.201120, 0.198215, 0.195453, 0.193730, 0.193615, 0.195439, 0.199121, 0.203129, 0.204928, 0.204119, 0.202952, 0.203300, 0.204453, 0.205196, 0.205261, 0.204828, 0.204210, 0.203848, 0.204306, 0.206534, 0.211185, 0.216354, 0.218812, 0.218200, 0.217083, 0.217052, 0.217298, 0.217248, 0.216883, 0.216192, 0.215328, 0.214455, 0.214288, 0.216175, 0.219886, 0.222433, 0.222064, 0.220296, 0.219020, 0.217800, 0.215912, 0.213419, 0.210472, 0.207509, 0.204825, 0.202831, 0.202266, 0.203078, 0.203619, 0.202788, 0.201471, 0.200420, 0.198961, 0.196549, 0.193454, 0.189987, 0.186448, 0.183190, 0.180529, 0.178827, 0.178016, 0.177665, 0.177663, 0.178091, 0.178538, 0.178514, 0.178006, 0.177120, 0.175715, 0.173867, 0.171912, 0.170065, 0.168587, 0.167713, 0.167543, 0.168078, 0.169007, 0.169989, 0.170976, 0.172041, 0.172768, 0.172629, 0.171716, 0.170362, 0.168914, 0.167740, 0.167063, 0.166936, 0.167214, 0.167624, 0.168000, 0.168695, 0.170064, 0.171504, 0.172224, 0.172023, 0.171144, 0.170014, 0.169173, 0.169156, 0.170194, 0.172035, 0.173882, 0.175010, 0.175784, 0.177168, 0.179442, 0.182026, 0.184176, 0.185543, 0.186111, 0.186232, 0.186536, 0.187865, 0.191042, 0.195564, 0.199391, 0.201156, 0.201702, 0.202854, 0.205241, 0.208185, 0.210951, 0.212968, 0.213818, 0.213466, 0.212721, 0.213484, 0.216997, 0.221557, 0.223900, 0.223095, 0.221458, 0.221190, 0.222108, 0.223125, 0.223508, 0.222808, 0.220846, 0.218002, 0.215658, 0.215778, 0.217942, 0.218597, 0.215746, 0.211689, 0.209214, 0.207947, 0.206409, 0.204010, 0.200698, 0.196737, 0.192578, 0.188881, 0.186664, 0.185916, 0.184468, 0.180722, 0.176286, 0.173447, 0.171555, 0.168953, 0.165592, 0.161938, 0.158185, 0.154595, 0.151425, 0.148959, 0.147298, 0.145608, 0.143083, 0.140465, 0.138889, 0.137782, 0.136050, 0.133967, 0.132089, 0.130307, 0.128650, 0.127269, 0.126064, 0.125183, 0.124630, 0.123987, 0.123382, 0.123299, 0.123379, 0.123040, 0.122537, 0.122357, 0.122400, 0.122503, 0.122844, 0.123457, 0.124245, 0.125294, 0.126545, 0.127877, 0.129452, 0.131175, 0.132595, 0.133766, 0.135302, 0.137410, 0.139756, 0.142179, 0.144850, 0.147853, 0.151088, 0.154469, 0.157947, 0.161456, 0.164868, 0.167786, 0.169973, 0.172150, 0.175280, 0.179202, 0.183027, 0.186462, 0.189771, 0.193222, 0.196921, 0.200787, 0.204617, 0.208024, 0.210174, 0.210772, 0.211070, 0.212683, 0.215643, 0.218617, 0.220515, 0.221372, 0.222052, 0.223451, 0.225728, 0.228183, 0.229540, 0.228585, 0.225454, 0.222196, 0.220909, 0.221405, 0.221751, 0.220566, 0.217980, 0.215159, 0.213380, 0.213150, 0.213630, 0.212845, 0.209080, 0.202907, 0.196887, 0.192930, 0.190529, 0.188042, 0.184521, 0.180144, 0.175725, 0.172214, 0.170140, 0.169131, 0.167658, 0.164001, 0.158106, 0.151897, 0.147062, 0.143327, 0.139636, 0.135703, 0.131815, 0.128269, 0.125381, 0.123488, 0.122712, 0.122451, 0.121379, 0.118710, 0.115169, 0.111969, 0.109286, 0.106717, 0.104330, 0.102402, 0.101090, 0.100516, 0.100691, 0.101612, 0.103382, 0.105563, 0.107101, 0.107611, 0.107711, 0.107779, 0.107712, 0.107700, 0.108120, 0.109216, 0.111154, 0.113918, 0.117265, 0.121210, 0.125875, 0.130714, 0.134967, 0.138563, 0.141689, 0.144248, 0.146341, 0.148387, 0.150653, 0.153433, 0.157100, 0.161550, 0.166519, 0.172032, 0.177898, 0.183522, 0.188718, 0.193347, 0.196903, 0.199445, 0.201682, 0.203673, 0.205167, 0.206765, 0.209160, 0.212311, 0.216046, 0.220242, 0.224465, 0.228436, 0.231760, 0.233540, 0.234072, 0.234808, 0.235552, 0.234842, 0.232848, 0.230973, 0.230000, 0.230066, 0.230994, 0.232284, 0.233321, 0.233393, 0.231870, 0.229489, 0.227854, 0.226739, 0.224104, 0.219252, 0.213559, 0.208618, 0.205122, 0.202997, 0.201729, 0.200521, 0.198375, 0.194709, 0.190351, 0.186799, 0.184170, 0.180983, 0.176119, 0.169913, 0.163494, 0.157953, 0.153940, 0.151485, 0.150034, 0.148530, 0.145999, 0.142354, 0.138556, 0.135471, 0.132861, 0.130021, 0.126634, 0.122770, 0.118776, 0.115282, 0.112971, 0.112185, 0.112585, 0.113204, 0.113165, 0.112368, 0.111297, 0.110339, 0.109710, 0.109505, 0.109581, 0.109680, 0.109657, 0.109629, 0.110200, 0.112079, 0.115227, 0.118754, 0.121918, 0.124538, 0.126704, 0.128624, 0.130604, 0.133052, 0.136258, 0.139806, 0.142766, 0.145049, 0.147725, 0.151651, 0.156562, 0.161761, 0.166726, 0.171165, 0.175003, 0.178202, 0.180951, 0.184199, 0.188638, 0.193201, 0.196379, 0.198572, 0.201321, 0.204994, 0.208964, 0.212918, 0.216674, 0.219981, 0.222659, 0.224401, 0.225481, 0.227295, 0.230251, 0.232559, 0.233176, 0.233348, 0.234021, 0.234650, 0.235068, 0.235433, 0.235518, 0.235436, 0.235162, 0.233939, 0.232113, 0.231117, 0.230658, 0.229267, 0.226987, 0.224654, 0.222036, 0.218939, 0.215755, 0.212450, 0.209038, 0.206055, 0.203286, 0.199896, 0.196160, 0.192958, 0.189998, 0.186645, 0.183034, 0.179212, 0.175001, 0.170589, 0.166052, 0.161265, 0.156809, 0.153355, 0.150444, 0.147335, 0.144194, 0.141331, 0.138619, 0.135952, 0.133301, 0.130532, 0.127764, 0.125030, 0.121905, 0.118420, 0.115540, 0.113905, 0.113161, 0.112820, 0.112669, 0.112533, 0.112310, 0.111961, 0.111485, 0.111233, 0.111536, 0.111929, 0.111627, 0.110740, 0.110272, 0.111062, 0.113168, 0.116189, 0.119560, 0.122744, 0.125273, 0.126848, 0.128054, 0.130230, 0.133630, 0.136792, 0.138553, 0.139421, 0.140705, 0.143360, 0.147709, 0.153374, 0.159395, 0.164517, 0.167712, 0.169375, 0.171687, 0.176016, 0.180842, 0.184004, 0.185329, 0.186105, 0.187714, 0.191057, 0.196196, 0.202309, 0.207759, 0.210723, 0.211453, 0.212663, 0.215901, 0.219322, 0.220774, 0.220281, 0.219002, 0.218197, 0.218828, 0.221083, 0.224359, 0.227259, 0.228144, 0.227119, 0.226353, 0.226877, 0.226900, 0.224883, 0.221361, 0.217478, 0.213962, 0.211289, 0.209659, 0.209040, 0.208835, 0.207857, 0.205780, 0.203624, 0.201776, 0.199067, 0.194792, 0.189617, 0.184309, 0.179191, 0.174692, 0.171059, 0.168319, 0.166475, 0.165097, 0.163554, 0.161824, 0.160061, 0.157596, 0.153938, 0.149664, 0.145313, 0.140954, 0.137040, 0.134093, 0.132131, 0.131125, 0.131031, 0.131362, 0.131737, 0.132107, 0.131944, 0.130671, 0.128725, 0.126790, 0.124746, 0.122603, 0.121016, 0.120389, 0.120690, 0.121961, 0.123931, 0.126222, 0.128751, 0.130868, 0.131709, 0.131741, 0.132060, 0.132408, 0.132055, 0.131326, 0.131007, 0.131592, 0.133333, 0.136201, 0.139977, 0.144315, 0.148126, 0.150399, 0.152198, 0.155235, 0.158725, 0.160662, 0.160939, 0.160813, 0.161341, 0.163203, 0.166667, 0.171406, 0.176381, 0.180073, 0.182200, 0.184810, 0.189625, 0.194930, 0.197954, 0.198261, 0.197304, 0.196757, 0.197721, 0.200458, 0.204207, 0.207519, 0.209023, 0.209207, 0.210712, 0.214709, 0.218786, 0.220292, 0.219063, 0.216394, 0.213712, 0.212235, 0.212401, 0.213523, 0.214150, 0.213151, 0.211222, 0.210532, 0.211847, 0.213269, 0.212805, 0.210206, 0.206261, 0.201936, 0.198146, 0.195499, 0.194141, 0.193402, 0.191985, 0.189535, 0.187373, 0.186627, 0.186532, 0.185707, 0.183679, 0.180734, 0.177221, 0.173623, 0.170468, 0.168289, 0.167400, 0.167339, 0.167083, 0.166340, 0.165893, 0.166101, 0.166288, 0.165871, 0.164972, 0.163730, 0.162314, 0.161001, 0.159874, 0.159177, 0.159393, 0.160261, 0.160935, 0.161466, 0.162481, 0.163641, 0.164198, 0.164331, 0.164268, 0.163808, 0.163198, 0.162734, 0.162230, 0.161856, 0.161971, 0.162213, 0.162445, 0.163288, 0.164525, 0.165287, 0.165904, 0.167044, 0.168061, 0.168403, 0.168637, 0.169043, 0.169378, 0.169794, 0.170361, 0.171028, 0.172050, 0.173221, 0.174044, 0.175338, 0.178156, 0.181255, 0.182996, 0.184193, 0.186164, 0.188553, 0.190765, 0.192699, 0.194146, 0.195037, 0.195442, 0.195576, 0.196686, 0.199522, 0.202386, 0.203304, 0.203195, 0.204318, 0.207041, 0.209944, 0.211957, 0.212718, 0.212272, 0.210855, 0.209114, 0.208402, 0.209422, 0.210654, 0.210065, 0.207901, 0.206353, 0.206833, 0.208631, 0.210259, 0.210697, 0.209589, 0.207029, 0.203636, 0.200604, 0.199128, 0.199085, 0.198917, 0.197438, 0.195297, 0.194004, 0.194172, 0.195324, 0.196582, 0.197128, 0.196373, 0.194113, 0.190920, 0.188148, 0.187022, 0.187476, 0.188490, 0.189308, 0.189902, 0.190586, 0.191670, 0.193175, 0.194757, 0.195957, 0.196218, 0.195047, 0.192864, 0.191138, 0.190933, 0.192089, 0.193987, 0.196131, 0.198136, 0.199749, 0.200880, 0.201626, 0.202255, 0.202532, 0.201544, 0.199251, 0.196796, 0.195154, 0.194470, 0.194567, 0.195272, 0.196336, 0.197529, 0.198457, 0.198751, 0.198677, 0.198256, 0.196765, 0.194116, 0.191313, 0.188953, 0.186916, 0.185390, 0.184697, 0.184776, 0.185560, 0.186946, 0.188521, 0.190012, 0.191275, 0.191829, 0.191580, 0.190967, 0.189816, 0.188288, 0.187310, 0.187000, 0.186808, 0.187092, 0.188488, 0.190657, 0.193177, 0.195921, 0.198415, 0.200351, 0.201458, 0.201411, 0.200805, 0.200649, 0.200295, 0.198746, 0.196944, 0.196363, 0.197098, 0.198523, 0.200236, 0.201851, 0.203047, 0.203547, 0.203081, 0.202247, 0.202093, 0.201973, 0.200122, 0.196705, 0.193741, 0.192485, 0.192743, 0.193890, 0.195383, 0.196664, 0.197216, 0.196740, 0.195542, 0.194821, 0.195442, 0.196294, 0.195604, 0.193364, 0.191218, 0.190518, 0.191539, 0.194027, 0.197364, 0.200691, 0.202978, 0.203387, 0.202318, 0.201751, 0.203095, 0.205337, 0.206704, 0.206697, 0.206104, 0.206026, 0.207284, 0.210067, 0.213883, 0.217687, 0.220007, 0.219778, 0.218062, 0.217195, 0.218079, 0.219385, 0.219587, 0.218509, 0.216971, 0.216014, 0.216288, 0.217825, 0.219809, 0.220701, 0.219496, 0.216915, 0.214710, 0.213511, 0.212533, 0.210677, 0.207791, 0.204583, 0.201923, 0.200356, 0.199722, 0.199313, 0.198145, 0.195965, 0.193526, 0.191594, 0.189956, 0.187910, 0.185320, 0.182514, 0.179849, 0.177584, 0.175965, 0.174882, 0.173997, 0.173005, 0.172101, 0.171492, 0.171030, 0.170274, 0.169301, 0.168425, 0.167596, 0.166754, 0.165994, 0.165389, 0.164948, 0.164741, 0.164724, 0.164888, 0.165140, 0.165089, 0.164633, 0.164375, 0.164454, 0.164350, 0.163867, 0.163442, 0.163241, 0.163238, 0.163486, 0.163886, 0.164345, 0.164778, 0.164809, 0.164339, 0.164124, 0.164825, 0.165874, 0.166395, 0.166565, 0.167064, 0.168130, 0.169673, 0.171608, 0.173745, 0.175877, 0.177591, 0.178330, 0.178383, 0.179241, 0.181808, 0.185034, 0.187438, 0.189044, 0.190741, 0.192983, 0.195819, 0.199143, 0.202671, 0.206001, 0.208183, 0.208150, 0.207016, 0.207813, 0.211361, 0.215146, 0.217071, 0.217610, 0.218050, 0.219164, 0.221133, 0.223648, 0.226117, 0.227657, 0.226692, 0.223152, 0.220221, 0.220929, 0.223529, 0.224182, 0.222100, 0.219441, 0.217846, 0.217421, 0.217569, 0.217554, 0.216568, 0.213601, 0.208553, 0.203554, 0.201410, 0.201234, 0.199540, 0.195212, 0.190473, 0.187268, 0.185384, 0.183907, 0.182068, 0.179367, 0.175561, 0.170748, 0.165966, 0.162844, 0.161005, 0.158192, 0.153788, 0.149484, 0.146557, 0.144676, 0.143154, 0.141586, 0.139681, 0.137399, 0.134750, 0.132024, 0.129901, 0.128358, 0.126553, 0.124135, 0.121941, 0.120651, 0.120062, 0.119796, 0.119729, 0.119803, 0.119870, 0.119824, 0.119624, 0.119417, 0.119337, 0.119298, 0.119239, 0.119497, 0.120416, 0.121920, 0.123744, 0.125830, 0.128138, 0.130544, 0.132938, 0.135206, 0.137307, 0.139299, 0.141308, 0.143419, 0.145964, 0.149210, 0.152992, 0.156947, 0.160965, 0.165085, 0.169232, 0.173262, 0.176989, 0.180233, 0.183031, 0.185520, 0.187977, 0.191006, 0.194871, 0.199068, 0.202916, 0.206398, 0.209898, 0.213601, 0.217201, 0.220253, 0.222266, 0.223067, 0.222941, 0.222936, 0.224194, 0.226609, 0.228769, 0.229723, 0.229898, 0.230467, 0.231953, 0.233737, 0.234685, 0.233913, 0.231025, 0.226771, 0.223112, 0.221712, 0.221926, 0.221389, 0.218723, 0.215100, 0.212510, 0.211592, 0.211373, 0.210498, 0.207884, 0.202965, 0.196205, 0.189781, 0.185862, 0.184062, 0.181841, 0.177767, 0.172774, 0.168677, 0.166199, 0.164858, 0.163614, 0.161518, 0.157854, 0.152381, 0.145971, 0.140779, 0.137808, 0.135561, 0.132381, 0.128602, 0.125382, 0.123265, 0.122248, 0.122012, 0.121952, 0.121511, 0.120013, 0.116989, 0.113318, 0.110651, 0.109285, 0.108218, 0.107070, 0.106342, 0.106438, 0.107439, 0.109293, 0.111677, 0.114321, 0.116998, 0.118846, 0.119140, 0.118671, 0.118798, 0.119736, 0.121053, 0.122906, 0.125603, 0.129110, 0.133348, 0.138113, 0.142969, 0.147992, 0.153134, 0.157398, 0.160102, 0.162081, 0.164164, 0.166372, 0.168951, 0.172309, 0.176429, 0.181358, 0.186952, 0.192558, 0.197983, 0.203462, 0.208507, 0.212355, 0.215093, 0.216999, 0.218276, 0.219444, 0.220898, 0.222747, 0.225351, 0.228918, 0.232873, 0.236612, 0.239930, 0.242602, 0.244320, 0.244949, 0.244463, 0.243332, 0.241960, 0.240141, 0.237985, 0.236418, 0.236018, 0.236433, 0.237072, 0.237393, 0.236935, 0.235371, 0.232579, 0.228950, 0.225414, 0.222055, 0.217823, 0.212481, 0.207275, 0.203376, 0.200757, 0.198919, 0.197289, 0.195343, 0.192525, 0.188347, 0.183120, 0.178375, 0.174844, 0.171043, 0.165797, 0.159899, 0.154702, 0.150644, 0.147811, 0.146054, 0.144876, 0.143722, 0.141796, 0.138338, 0.134071, 0.130840, 0.128890, 0.126741, 0.123773, 0.120649, 0.117945, 0.115977, 0.115043, 0.115124, 0.116200, 0.118022, 0.119323, 0.118909, 0.117483, 0.116772, 0.117190, 0.117962, 0.118671, 0.119383, 0.120194, 0.121294, 0.122777, 0.124816, 0.128155, 0.133006, 0.137625, 0.140244, 0.141515, 0.143290, 0.146068, 0.149304, 0.152705, 0.156081, 0.159171, 0.161888, 0.164197, 0.166843, 0.171444, 0.177928, 0.183699, 0.187095, 0.189479, 0.192527, 0.196282, 0.200229, 0.204035, 0.207391, 0.210074, 0.211738, 0.212609, 0.214494, 0.218738, 0.223710, 0.226968, 0.228553, 0.230212, 0.232517, 0.234862, 0.236842, 0.238191, 0.238825, 0.238614, 0.237418, 0.235858, 0.235421, 0.236221, 0.236560, 0.235802, 0.235036, 0.234742, 0.234283, 0.233322, 0.231909, 0.229818, 0.227103, 0.223812, 0.219776, 0.215493, 0.211701, 0.208279, 0.204875, 0.201801, 0.199224, 0.196691, 0.194031, 0.191262, 0.188022, 0.184168, 0.179928, 0.175340, 0.170286, 0.165061, 0.160067, 0.155536, 0.151683, 0.148574, 0.146060, 0.144022, 0.142315, 0.140537, 0.138202, 0.135225, 0.131945, 0.128583, 0.125209, 0.121970, 0.119130, 0.116896, 0.115366, 0.114534, 0.114426, 0.115128, 0.116401, 0.117503, 0.117795, 0.117249, 0.116219, 0.115207, 0.114671, 0.114801, 0.115458, 0.116423, 0.117554, 0.118998, 0.121344, 0.125034, 0.129556, 0.133748, 0.136710, 0.138238, 0.138905, 0.139826, 0.141988, 0.145358, 0.148789, 0.151257, 0.153062, 0.155563, 0.159919, 0.166046, 0.172779, 0.178538, 0.182134, 0.183545, 0.184241, 0.186432, 0.190770, 0.195196, 0.197486, 0.197863, 0.198582, 0.201511, 0.206662, 0.212643, 0.217812, 0.221023, 0.221837, 0.221182, 0.221583, 0.224487, 0.227589, 0.227754, 0.225208, 0.222970, 0.223134, 0.225297, 0.227935, 0.229821, 0.230357, 0.229461, 0.227557, 0.225749, 0.225261, 0.225425, 0.223684, 0.219190, 0.214409, 0.211686, 0.210555, 0.209612, 0.208371, 0.206781, 0.204790, 0.202452, 0.199848, 0.197268, 0.195055, 0.192566, 0.188689, 0.183881, 0.179814, 0.177000, 0.174647, 0.172394, 0.170490, 0.168977, 0.167712, 0.166557, 0.165232, 0.163675, 0.162022, 0.160044, 0.157444, 0.154708, 0.152630, 0.151160, 0.149826, 0.148823, 0.148598, 0.148992, 0.149683, 0.150545, 0.151287, 0.151615, 0.151541, 0.150973, 0.149944, 0.149027, 0.148448, 0.147702, 0.146868, 0.146804, 0.147777, 0.149259, 0.150923, 0.152737, 0.154537, 0.156149, 0.157429, 0.158333, 0.159061, 0.159456, 0.158977, 0.158119, 0.158395, 0.160209, 0.162395, 0.164239, 0.166159, 0.168783, 0.172302, 0.176388, 0.180524, 0.184039, 0.185868, 0.185845, 0.185807, 0.187724, 0.191008, 0.193494, 0.194313, 0.194721, 0.196522, 0.200408, 0.205789, 0.211288, 0.215209, 0.216341, 0.215351, 0.215035, 0.217347, 0.220459, 0.221391, 0.219769, 0.217569, 0.216868, 0.218672, 0.222507, 0.226623, 0.228903, 0.228138, 0.225286, 0.223163, 0.223439, 0.224534, 0.223836, 0.220766, 0.216827, 0.213795, 0.212786, 0.213903, 0.216158, 0.217893, 0.217401, 0.214261, 0.210456, 0.208337, 0.207763, 0.206958, 0.205006, 0.202289, 0.199604, 0.197688, 0.197122, 0.198130, 0.200296, 0.202311, 0.202436, 0.200403, 0.197900, 0.196475, 0.196039, 0.195768, 0.195411, 0.195180, 0.195228, 0.195647, 0.196494, 0.198056, 0.200592, 0.203066, 0.203864, 0.203045, 0.202123, 0.201775, 0.201441, 0.200919, 0.200634, 0.200674, 0.201073, 0.201889, 0.202874, 0.204090, 0.205615, 0.206542, 0.206257, 0.205711, 0.205451, 0.204524, 0.202766, 0.201220, 0.200005, 0.198891, 0.198203, 0.197996, 0.198050, 0.198409, 0.198890, 0.199212, 0.199682, 0.200143, 0.199602, 0.198537, 0.198355, 0.198352, 0.197154, 0.195469, 0.194713, 0.194820, 0.195302, 0.196148, 0.197188, 0.198265, 0.199273, 0.200039, 0.201401, 0.204093, 0.206282, 0.205631, 0.203502, 0.202984, 0.204145, 0.205164, 0.205416, 0.205167, 0.204748, 0.204579, 0.205107, 0.206828, 0.210095, 0.213134, 0.213093, 0.210299, 0.208287, 0.208917, 0.210373, 0.210669, 0.209614, 0.207766, 0.205905, 0.204801, 0.205078, 0.207244, 0.210861, 0.213627, 0.213147, 0.210259, 0.208260, 0.208643, 0.209941, 0.210679, 0.210684, 0.210096, 0.209277, 0.208850, 0.209643, 0.212591, 0.217456, 0.221788, 0.223005, 0.221581, 0.220185, 0.220372, 0.221751, 0.223497, 0.225141, 0.226398, 0.227287, 0.227985, 0.229452, 0.233141, 0.238418, 0.242227, 0.242695, 0.241192, 0.239830, 0.239416, 0.239713, 0.240284, 0.240758, 0.240919, 0.240857, 0.241200, 0.243019, 0.245945, 0.247894, 0.247397, 0.245215, 0.242737, 0.240313, 0.237747, 0.235033, 0.232386, 0.230016, 0.228200, 0.227322, 0.227539, 0.227847, 0.227178, 0.225666, 0.223841, 0.221428, 0.218029, 0.213954, 0.209666, 0.205567, 0.202012, 0.199296, 0.197499, 0.196447, 0.195695, 0.195335, 0.195631, 0.195733, 0.194479, 0.192302, 0.190225, 0.187993, 0.185293, 0.182456, 0.179830, 0.177643, 0.176229, 0.175752, 0.176562, 0.178358, 0.179678, 0.179485, 0.178956, 0.179333, 0.179797, 0.179170, 0.177548, 0.175446, 0.173345, 0.171858, 0.171429, 0.172438, 0.174803, 0.177128, 0.177869, 0.177734, 0.178620, 0.180853, 0.182913, 0.183809, 0.183553, 0.182610, 0.181582, 0.181281, 0.182408, 0.185545, 0.190161, 0.194212, 0.195975, 0.196490, 0.198283, 0.202004, 0.206081, 0.209227, 0.211096, 0.211800, 0.211839, 0.212195, 0.214207, 0.218927, 0.225314, 0.230240, 0.231921, 0.232293, 0.234423, 0.238645, 0.242990, 0.245842, 0.246789, 0.246277, 0.245273, 0.245115, 0.247160, 0.251410, 0.255282, 0.256079, 0.254664, 0.254542, 0.257041, 0.259763, 0.260272, 0.258395, 0.255222, 0.251972, 0.249679, 0.248708, 0.248443, 0.247485, 0.244863, 0.241582, 0.239869, 0.240146, 0.239927, 0.237242, 0.232650, 0.227843, 0.223492, 0.219574, 0.215774, 0.211701, 0.207115, 0.202468, 0.198604, 0.196123, 0.194404, 0.192081, 0.188568, 0.184576, 0.180874, 0.177464, 0.173861, 0.169718, 0.165258, 0.160910, 0.157208, 0.154405, 0.152406, 0.150624, 0.148700, 0.146786, 0.145287, 0.144252, 0.143373, 0.142151, 0.140315, 0.138168, 0.136273, 0.135111, 0.134680, 0.134643, 0.134579, 0.134518, 0.134779, 0.135692, 0.137269, 0.139212, 0.141019, 0.142288, 0.143057, 0.143762, 0.145141, 0.147463, 0.150238, 0.152699, 0.154756, 0.156894, 0.159687, 0.163307, 0.167493, 0.171819, 0.175718, 0.178815, 0.181261, 0.184130, 0.188288, 0.193232, 0.197437, 0.200207, 0.202479, 0.205576, 0.209815, 0.214581, 0.219203, 0.223141, 0.226112, 0.228267, 0.230746, 0.234922, 0.240289, 0.244020, 0.244610, 0.244273, 0.245864, 0.249297, 0.252498, 0.254402, 0.254972, 0.254771, 0.254747, 0.255663, 0.258099, 0.261204, 0.262218, 0.259358, 0.255546, 0.255081, 0.257075, 0.257361, 0.254513, 0.250356, 0.246615, 0.244059, 0.242787, 0.242319, 0.241724, 0.239499, 0.234785, 0.229361, 0.226733, 0.226724, 0.225155, 0.219866, 0.213033, 0.207285, 0.203018, 0.199814, 0.197355, 0.194971, 0.192070, 0.188042, 0.183071, 0.179130, 0.177587, 0.176461, 0.172920, 0.167310, 0.161789, 0.157355, 0.153925, 0.151500, 0.149866, 0.148603, 0.147350, 0.145479, 0.143053, 0.141567, 0.141540, 0.141261, 0.139367, 0.136637, 0.134336, 0.132691, 0.131815, 0.131875, 0.132743, 0.134245, 0.135923, 0.137147, 0.138222, 0.140161, 0.142690, 0.144287, 0.144857, 0.145499, 0.146617, 0.148045, 0.149988, 0.152585, 0.155785, 0.159570, 0.163570, 0.167520, 0.172053, 0.176937, 0.180808, 0.183695, 0.186768, 0.190104, 0.193035, 0.195807, 0.198848, 0.202239, 0.206136, 0.210552, 0.215188, 0.220113, 0.224776, 0.228426, 0.231625, 0.235286, 0.238468, 0.240139, 0.241141, 0.242711, 0.244846, 0.247093, 0.249298, 0.251316, 0.253189, 0.254812, 0.256393, 0.258363, 0.260258, 0.260408, 0.258286, 0.255829, 0.255064, 0.255571, 0.255658, 0.254629, 0.252698, 0.250513, 0.248794, 0.248085, 0.248284, 0.247939, 0.245200, 0.240063, 0.234832, 0.231595, 0.230151, 0.228988, 0.226952, 0.223697, 0.219637, 0.215823, 0.213149, 0.211855, 0.211035, 0.208777, 0.204162, 0.198443, 0.193668, 0.190702, 0.189164, 0.188265, 0.187184, 0.185333, 0.182556, 0.179439, 0.177195, 0.176455, 0.176206, 0.174756, 0.171759, 0.168265, 0.165361, 0.163747, 0.163621, 0.164593, 0.165977, 0.166838, 0.166267, 0.164564, 0.163381, 0.163657, 0.164321, 0.164038, 0.162814, 0.161442, 0.160550, 0.160576, 0.161806, 0.164255, 0.167432, 0.169983, 0.170804, 0.170893, 0.172019, 0.173868, 0.175057, 0.175439, 0.175615, 0.175973, 0.176879, 0.178632, 0.181365, 0.185281, 0.189740, 0.193263, 0.196120, 0.199765, 0.203564, 0.206168, 0.207997, 0.209559, 0.210753, 0.211963, 0.213494, 0.215316, 0.217932, 0.221504, 0.225210, 0.228897, 0.233017, 0.236771, 0.239330, 0.241295, 0.242582, 0.242507, 0.241950, 0.241724, 0.241205, 0.240493, 0.240514, 0.241250, 0.242342, 0.243860, 0.245349, 0.246293, 0.246828, 0.246330, 0.243877, 0.240700, 0.238459, 0.236361, 0.233204, 0.229739, 0.227012, 0.225061, 0.223881, 0.223361, 0.223071, 0.222772, 0.221659, 0.218457, 0.213777, 0.209962, 0.207574, 0.205109, 0.201924, 0.198620, 0.195666, 0.193403, 0.192122, 0.191719, 0.192123, 0.192938, 0.192549, 0.189698, 0.185511, 0.182248, 0.180529, 0.179644, 0.179072, 0.178569, 0.178027, 0.177422, 0.176840, 0.176876, 0.178379, 0.180716, 0.181708, 0.180173, 0.177190, 0.174603, 0.173404, 0.173632, 0.174821, 0.176261, 0.177193, 0.177113, 0.176414, 0.176718, 0.178966, 0.181521, 0.182056, 0.180359, 0.177938, 0.176160, 0.175745, 0.176808, 0.178742, 0.180412, 0.180860, 0.180434, 0.180970, 0.183595, 0.186783, 0.188378, 0.188118, 0.187060, 0.186218, 0.186326, 0.187547, 0.189522, 0.191440, 0.192514, 0.193107, 0.194929, 0.198437, 0.201836, 0.203811, 0.204749, 0.205221, 0.205461, 0.205708, 0.206176, 0.206987, 0.207947, 0.208589, 0.209209, 0.210820, 0.213180, 0.215054, 0.216066, 0.216657, 0.216716, 0.216111, 0.215070, 0.213685, 0.212136, 0.210871, 0.209843, 0.208950, 0.208592, 0.208722, 0.208646, 0.208265, 0.207805, 0.206791, 0.204858, 0.202627, 0.200456, 0.197984, 0.195366, 0.193175, 0.191437, 0.190115, 0.189386, 0.188954, 0.188535, 0.188405, 0.188188, 0.186847, 0.184683, 0.183024, 0.181999, 0.180911, 0.179790, 0.178982, 0.178448, 0.178315, 0.178609, 0.179063, 0.179973, 0.181705, 0.183021, 0.182413, 0.180622, 0.179659, 0.179987, 0.180686, 0.181273, 0.181675, 0.181812, 0.181711, 0.181412, 0.181404, 0.182888, 0.185724, 0.187334, 0.185925, 0.183152, 0.181810, 0.182302, 0.183309, 0.183885, 0.183661, 0.182528, 0.180808, 0.179159, 0.179009, 0.181222, 0.183665, 0.183095, 0.179808, 0.177281, 0.177377, 0.178730, 0.179580, 0.179246, 0.177759, 0.175696, 0.173972, 0.173726, 0.175458, 0.177473, 0.177235, 0.174766, 0.172985, 0.173885, 0.176158, 0.177674, 0.177827, 0.177059, 0.175971, 0.175208, 0.175420, 0.176642, 0.177715, 0.177235, 0.175405, 0.174176, 0.174863, 0.176687, 0.178117, 0.178587, 0.178335, 0.177781, 0.177280, 0.177006, 0.176960, 0.176804, 0.175905, 0.174176, 0.172555, 0.171943, 0.172249, 0.172872, 0.173429, 0.173765, 0.173879, 0.173788, 0.173482, 0.172993, 0.172352, 0.171465, 0.170364, 0.169424, 0.169048, 0.169377, 0.170374, 0.171829, 0.173497, 0.175195, 0.176768, 0.178015, 0.178849, 0.179320, 0.179503, 0.179574, 0.179840, 0.180554, 0.181841, 0.183749, 0.186226, 0.189074, 0.191992, 0.194614, 0.196703, 0.198131, 0.198896, 0.199145, 0.199233, 0.199429, 0.199713, 0.199964, 0.200344, 0.201360, 0.203256, 0.205575, 0.207592, 0.208849, 0.209103, 0.208314, 0.206867, 0.205626, 0.204956, 0.204046, 0.201930, 0.199050, 0.197029, 0.196824, 0.197839, 0.198844, 0.198959, 0.197895, 0.195881, 0.193573, 0.191997, 0.191603, 0.190828, 0.187602, 0.182599, 0.178856, 0.177879, 0.178462, 0.178988, 0.178734, 0.177677, 0.176242, 0.175090, 0.174997, 0.176227, 0.177082, 0.175115, 0.170658, 0.166989, 0.166139, 0.166841, 0.167184, 0.166754, 0.165960, 0.165281, 0.165132, 0.165847, 0.167707, 0.169957, 0.170441, 0.168059, 0.164749, 0.163195, 0.163352, 0.163581, 0.163270, 0.162731, 0.162279, 0.162238, 0.162862, 0.164205, 0.166477, 0.169089, 0.170262, 0.169184, 0.167443, 0.166783, 0.167050, 0.167528, 0.168193, 0.169221, 0.170660, 0.172550, 0.174727, 0.177202, 0.180455, 0.184280, 0.187250, 0.188534, 0.188962, 0.189627, 0.190687, 0.192051, 0.193947, 0.196497, 0.199695, 0.203424, 0.207161, 0.210661, 0.214419, 0.218317, 0.221261, 0.222909, 0.223897, 0.224548, 0.224923, 0.225429, 0.226351, 0.227748, 0.229841, 0.232547, 0.235299, 0.237786, 0.239946, 0.241364, 0.241741, 0.241178, 0.239765, 0.237803, 0.235831, 0.233900, 0.231995, 0.230556, 0.229850, 0.229740, 0.229952, 0.230048, 0.229552, 0.228151, 0.225653, 0.222232, 0.218619, 0.215150, 0.211401, 0.207221, 0.203186, 0.199941, 0.197782, 0.196559, 0.195847, 0.195098, 0.193609, 0.190947, 0.187828, 0.185405, 0.183387, 0.180530, 0.176617, 0.172508, 0.169071, 0.166787, 0.165805, 0.165913, 0.166446, 0.166415, 0.165206, 0.163555, 0.162902, 0.163295, 0.163199, 0.161681, 0.159264, 0.156813, 0.154966, 0.154223, 0.154836, 0.156619, 0.158699, 0.159740, 0.159404, 0.159060, 0.160015, 0.161802, 0.163210, 0.163837, 0.163790, 0.163370, 0.163101, 0.163529, 0.165213, 0.168577, 0.172827, 0.176081, 0.177603, 0.178687, 0.180735, 0.183668, 0.186817, 0.189776, 0.192340, 0.194405, 0.195889, 0.197030, 0.199056, 0.203272, 0.208885, 0.213462, 0.216046, 0.217973, 0.220600, 0.223907, 0.227365, 0.230650, 0.233468, 0.235590, 0.236610, 0.236649, 0.237535, 0.240893, 0.245077, 0.247396, 0.248070, 0.249071, 0.250790, 0.252489, 0.253902, 0.254736, 0.254806, 0.254175, 0.252500, 0.250187, 0.248994, 0.249144, 0.248586, 0.246648, 0.244976, 0.244209, 0.243355, 0.242070, 0.240470, 0.238222, 0.235350, 0.232014, 0.227903, 0.223410, 0.219391, 0.215491, 0.211242, 0.207404, 0.204369, 0.201454, 0.198585, 0.196218, 0.193761, 0.190587, 0.187147, 0.183508, 0.179161, 0.174454, 0.169832, 0.165247, 0.161002, 0.157394, 0.154238, 0.151804, 0.150467, 0.149559, 0.148235, 0.146700, 0.145377, 0.143939, 0.142010, 0.139644, 0.137061, 0.134505, 0.132206, 0.130414, 0.129658, 0.130311, 0.131820, 0.133192, 0.134176, 0.135220, 0.136588, 0.138001, 0.139115, 0.139806, 0.140036, 0.139872, 0.139706, 0.140373, 0.142746, 0.146915, 0.151809, 0.156149, 0.159536, 0.162421, 0.165309, 0.168434, 0.171866, 0.175288, 0.177963, 0.179370, 0.180183, 0.182246, 0.186921, 0.193657, 0.200675, 0.206462, 0.210416, 0.212865, 0.214942, 0.217932, 0.222074, 0.225937, 0.227669, 0.227277, 0.227197, 0.229902, 0.235390, 0.241613, 0.246612, 0.249487, 0.250379, 0.250217, 0.250628, 0.252676, 0.254681, 0.253738, 0.249954, 0.246845, 0.247003, 0.249533, 0.252134, 0.253427, 0.253103, 0.251531, 0.249349, 0.247313, 0.245951, 0.244182, 0.239850, 0.233228, 0.227612, 0.225068, 0.224112, 0.222692, 0.220485, 0.217943, 0.215249, 0.212282, 0.208927, 0.205283, 0.201086, 0.195434, 0.188463, 0.182104, 0.177699, 0.174280, 0.170738, 0.167364, 0.164704, 0.162550, 0.160472, 0.158144, 0.155289, 0.151815, 0.147645, 0.142795, 0.138026, 0.134255, 0.131191, 0.128262, 0.125887, 0.124670, 0.124449, 0.124734, 0.125126, 0.125264, 0.124921, 0.124059, 0.122729, 0.121292, 0.120288, 0.119682, 0.119140, 0.118961, 0.119876, 0.122082, 0.125145, 0.128538, 0.131904, 0.134993, 0.137667, 0.139908, 0.142005, 0.144229, 0.146324, 0.147920, 0.149486, 0.152061, 0.156116, 0.161115, 0.166271, 0.171186, 0.175899, 0.180494, 0.185027, 0.189616, 0.193913, 0.197050, 0.198692, 0.200049, 0.202969, 0.207769, 0.213028, 0.217463, 0.220905, 0.223955, 0.227460, 0.232016, 0.237065, 0.240947, 0.242099, 0.240909, 0.240075, 0.241904, 0.245765, 0.249161, 0.250464, 0.250032, 0.249478, 0.250274, 0.252785, 0.255760, 0.256813, 0.254301, 0.249397, 0.245772, 0.245654, 0.247228, 0.247509, 0.245367, 0.241675, 0.238109, 0.235978, 0.235509, 0.235644, 0.234386, 0.230194, 0.223684, 0.217789, 0.214960, 0.214398, 0.213555, 0.210966, 0.206976, 0.202676, 0.198959, 0.196242, 0.194536, 0.193199, 0.190883, 0.186560, 0.181098, 0.176768, 0.174761, 0.174191, 0.173589, 0.172354, 0.170556, 0.168404, 0.166222, 0.164354, 0.163121, 0.162524, 0.161785, 0.159950, 0.157374, 0.155658, 0.155547, 0.156229, 0.156977, 0.157668, 0.158170, 0.158393, 0.158366, 0.158164, 0.158179, 0.158686, 0.158990, 0.158559, 0.158319, 0.159214, 0.160799, 0.162434, 0.164299, 0.166510, 0.168749, 0.170963, 0.172964, 0.174654, 0.176336, 0.178047, 0.179361, 0.180806, 0.183059, 0.185512, 0.187727, 0.190545, 0.194177, 0.197635, 0.200887, 0.204425, 0.207822, 0.210715, 0.213347, 0.215693, 0.217782, 0.219960, 0.221873, 0.223687, 0.226516, 0.229942, 0.232049, 0.233149, 0.235266, 0.238420, 0.241113, 0.242766, 0.243574, 0.243698, 0.243560, 0.243447, 0.243853, 0.245295, 0.246881, 0.246427, 0.243990, 0.242444, 0.243496, 0.245231, 0.245462, 0.243947, 0.241412, 0.238505, 0.235958, 0.234440, 0.234255, 0.234633, 0.233687, 0.230274, 0.225939, 0.223466, 0.223335, 0.223608, 0.222672, 0.220293, 0.216972, 0.213477, 0.210638, 0.209148, 0.209305, 0.210221, 0.209862, 0.207159, 0.203493, 0.201016, 0.200364, 0.200721, 0.201036, 0.200618, 0.199301, 0.197379, 0.195555, 0.194845, 0.195923, 0.198043, 0.199244, 0.198259, 0.195787, 0.193562, 0.192693, 0.193054, 0.194014, 0.194865, 0.194975, 0.194103, 0.192938, 0.192735, 0.194064, 0.195841, 0.196425, 0.195236, 0.193031, 0.191030, 0.189940, 0.189894, 0.190397, 0.190804, 0.190739, 0.190424, 0.190655, 0.191896, 0.193578, 0.194633, 0.194737, 0.194175, 0.193343, 0.192662, 0.192392, 0.192544, 0.192936, 0.193508, 0.194530, 0.196371, 0.198830, 0.201363, 0.203737, 0.205845, 0.207490, 0.208558, 0.209082, 0.209159, 0.209058, 0.209024, 0.209153, 0.209736, 0.210971, 0.212653, 0.214654, 0.216934, 0.218944, 0.220324, 0.221377, 0.221977, 0.221544, 0.220224, 0.218527, 0.216690, 0.215065, 0.213981, 0.213514, 0.213760, 0.214587, 0.215170, 0.214891, 0.214476, 0.214647, 0.214556, 0.213119, 0.210463, 0.207358, 0.204246, 0.201587, 0.199874, 0.199373, 0.200152, 0.201407, 0.201694, 0.200722, 0.199935, 0.200350, 0.201023, 0.200762, 0.199415, 0.197292, 0.194874, 0.192897, 0.192017, 0.192844, 0.195769, 0.199523, 0.201612, 0.201312, 0.200538, 0.200934, 0.202079, 0.203008, 0.203171, 0.202388, 0.200777, 0.198867, 0.197691, 0.198735, 0.202483, 0.206830, 0.208778, 0.207776, 0.206065, 0.205487, 0.205717, 0.205732, 0.204885, 0.202812, 0.199626, 0.196283, 0.194590, 0.195861, 0.198881, 0.200721, 0.199849, 0.197510, 0.195723, 0.194923, 0.194287, 0.192819, 0.189944, 0.185821, 0.181666, 0.179135, 0.179040, 0.180312, 0.181105, 0.180670, 0.179803, 0.179510, 0.179830, 0.180105, 0.179552, 0.177714, 0.174784, 0.171885, 0.170297, 0.170140, 0.170466, 0.170759, 0.171232, 0.172187, 0.173566, 0.175164, 0.176501, 0.177140, 0.176755, 0.175388, 0.173643, 0.172295, 0.171383, 0.170651, 0.170258, 0.170476, 0.171207, 0.172251, 0.173429, 0.174375, 0.174894, 0.174830, 0.174020, 0.172617, 0.171098, 0.169627, 0.168323, 0.167562, 0.167553, 0.168020, 0.168764, 0.169861, 0.171173, 0.172324, 0.173071, 0.173390, 0.173287, 0.172927, 0.172533, 0.172287, 0.172558, 0.173796, 0.175625, 0.177246, 0.178685, 0.180643, 0.183165, 0.185657, 0.187776, 0.189429, 0.190490, 0.191048, 0.191284, 0.191567, 0.192892, 0.195669, 0.198416, 0.199497, 0.199599, 0.200521, 0.202643, 0.205105, 0.207221, 0.208494, 0.208676, 0.207718, 0.205966, 0.204834, 0.205951, 0.208315, 0.208834, 0.206424, 0.203488, 0.202568, 0.203442, 0.204461, 0.204628, 0.203546, 0.201148, 0.197721, 0.194401, 0.193088, 0.193815, 0.193357, 0.189379, 0.183894, 0.180482, 0.179592, 0.179299, 0.178362, 0.176445, 0.173617, 0.170358, 0.167320, 0.165514, 0.165349, 0.164757, 0.161275, 0.155935, 0.152073, 0.150684, 0.150051, 0.148978, 0.147460, 0.145735, 0.144077, 0.142734, 0.142118, 0.142592, 0.143269, 0.142243, 0.139292, 0.136373, 0.134907, 0.134304, 0.133749, 0.133228, 0.132905, 0.132874, 0.133223, 0.133862, 0.134939, 0.136602, 0.138027, 0.138128, 0.137233, 0.136457, 0.136128, 0.136111, 0.136590, 0.137725, 0.139474, 0.141855, 0.144650, 0.147487, 0.150358, 0.153310, 0.155791, 0.157442, 0.158596, 0.159681, 0.160912, 0.162629, 0.165040, 0.168135, 0.171951, 0.176416, 0.181051, 0.185471, 0.189491, 0.192798, 0.195244, 0.196969, 0.198217, 0.199286, 0.200721, 0.202831, 0.205484, 0.208521, 0.211938, 0.215590, 0.219173, 0.222297, 0.224629, 0.226043, 0.226294, 0.225215, 0.223453, 0.222338, 0.222349, 0.222850, 0.223350, 0.223888, 0.224493, 0.225078, 0.225607, 0.226066, 0.226207, 0.224868, 0.220967, 0.215623, 0.211403, 0.209128, 0.207454, 0.205447, 0.203222, 0.201034, 0.199051, 0.197467, 0.196468, 0.196153, 0.195072, 0.190832, 0.184101, 0.178340, 0.174838, 0.171955, 0.168745, 0.165442, 0.162294, 0.159598, 0.157589, 0.156419, 0.156447, 0.156877, 0.155275, 0.150801, 0.145833, 0.142385, 0.139866, 0.137271, 0.134688, 0.132416, 0.130625, 0.129459, 0.128933, 0.129531, 0.131449, 0.133274, 0.133135, 0.131190, 0.129080, 0.127524, 0.126329, 0.125543, 0.125300, 0.125607, 0.126499, 0.127741, 0.129240, 0.131688, 0.135451, 0.139325, 0.141827, 0.142894, 0.143314, 0.143589, 0.144135, 0.145455, 0.147827, 0.151241, 0.155276, 0.159162, 0.162723, 0.166759, 0.171669, 0.176679, 0.180910, 0.184002, 0.186077, 0.187547, 0.188924, 0.190826, 0.194014, 0.198599, 0.203611, 0.208150, 0.212195, 0.216131, 0.220001, 0.223483, 0.226305, 0.228334, 0.229461, 0.229686, 0.229551, 0.230100, 0.231853, 0.234344, 0.236885, 0.239110, 0.240816, 0.241919, 0.242365, 0.242087, 0.241298, 0.240059, 0.237938, 0.235028, 0.232233, 0.230223, 0.228884, 0.227807, 0.226793, 0.225657, 0.224095, 0.221826, 0.218675, 0.215056, 0.211427, 0.207449, 0.202774, 0.197870, 0.193365, 0.189405, 0.185946, 0.182940, 0.180230, 0.177686, 0.175096, 0.171765, 0.167567, 0.163421, 0.159636, 0.155636, 0.151372, 0.147268, 0.143496, 0.140169, 0.137372, 0.135050, 0.133373, 0.132509, 0.131648, 0.129858, 0.127479, 0.125294, 0.123422, 0.121694, 0.120158, 0.118910, 0.117983, 0.117358, 0.116792, 0.116390, 0.117039, 0.118900, 0.120855, 0.121992, 0.122488, 0.122933, 0.123548, 0.124504, 0.126011, 0.128087, 0.130682, 0.133279, 0.135028, 0.136230, 0.138488, 0.142618, 0.147383, 0.151378, 0.154537, 0.157155, 0.159525, 0.162103, 0.165262, 0.169548, 0.174858, 0.179521, 0.181804, 0.182657, 0.185060, 0.190013, 0.195788, 0.200700, 0.204283, 0.206791, 0.208757, 0.210779, 0.213662, 0.218286, 0.223734, 0.226848, 0.226343, 0.225150, 0.226837, 0.230970, 0.234735, 0.236877, 0.237619, 0.237518, 0.237289, 0.237604, 0.239056, 0.241447, 0.242812, 0.241034, 0.237207, 0.234907, 0.235137, 0.235507, 0.234338, 0.232090, 0.229542, 0.227059, 0.224939, 0.223118, 0.221526, 0.219606, 0.216202, 0.211323, 0.206648, 0.203151, 0.199869, 0.195971, 0.191765, 0.187768, 0.184157, 0.180826, 0.177693, 0.174565, 0.171292, 0.167558, 0.163155, 0.158447, 0.153884, 0.149487, 0.145115, 0.141104, 0.137711, 0.134928, 0.132626, 0.130714, 0.129044, 0.127388, 0.125594, 0.123478, 0.121058, 0.118416, 0.115721, 0.113236, 0.111327, 0.110239, 0.109888, 0.110171, 0.110989, 0.112262, 0.113766, 0.115330, 0.116725, 0.117703, 0.118132, 0.118117, 0.118194, 0.118904, 0.120469, 0.122662, 0.125366, 0.128509, 0.132123, 0.136265, 0.140921, 0.145800, 0.150197, 0.153234, 0.154753, 0.156045, 0.158428, 0.161914, 0.165636, 0.169195, 0.172658, 0.176377, 0.180785, 0.186262, 0.192877, 0.199382, 0.203377, 0.204092, 0.204122, 0.206229, 0.210081, 0.213541, 0.215582, 0.216630, 0.217770, 0.220041, 0.224016, 0.229619, 0.235421, 0.238311, 0.236668, 0.233581, 0.233678, 0.236608, 0.238381, 0.237257, 0.234481, 0.231930, 0.230826, 0.231807, 0.234528, 0.237626, 0.238697, 0.235902, 0.230665, 0.227318, 0.227358, 0.227439, 0.224695, 0.219841, 0.214939, 0.211180, 0.209123, 0.208661, 0.209126, 0.209409, 0.207890, 0.203749, 0.198869, 0.195739, 0.194031, 0.191550, 0.187694, 0.183383, 0.179584, 0.176781, 0.175258, 0.174806, 0.175083, 0.175371, 0.174601, 0.172227, 0.169328, 0.167094, 0.165313, 0.163171, 0.160812, 0.158787, 0.157450, 0.156901, 0.157191, 0.158132, 0.159456, 0.160630, 0.160995, 0.160385, 0.159430, 0.158450, 0.157282, 0.155932, 0.154869, 0.154335, 0.154444, 0.155219, 0.156611, 0.158404, 0.160436, 0.162305, 0.163816, 0.164949, 0.165630, 0.165782, 0.165795, 0.166022, 0.166545, 0.167401, 0.168783, 0.170764, 0.173473, 0.176777, 0.180375, 0.183923, 0.187040, 0.189595, 0.192031, 0.194643, 0.196942, 0.198496, 0.199590, 0.200926, 0.203045, 0.206184, 0.209970, 0.213695, 0.216490, 0.218216, 0.219989, 0.223040, 0.226648, 0.229004, 0.229322, 0.228434, 0.227760, 0.228338, 0.230261, 0.232770, 0.234651, 0.234790, 0.233286, 0.231997, 0.232964, 0.235511, 0.236865, 0.235414, 0.232248, 0.229193, 0.227331, 0.226897, 0.227534, 0.228215, 0.227506, 0.224680, 0.220837, 0.218466, 0.218727, 0.219920, 0.219521, 0.217040, 0.213608, 0.210462, 0.208336, 0.207567, 0.207925, 0.208738, 0.208755, 0.206707, 0.203171, 0.200622, 0.200572, 0.201765, 0.202435, 0.202108, 0.201108, 0.199838, 0.198799, 0.198392, 0.198917, 0.200499, 0.202062, 0.201870, 0.199789, 0.197945, 0.197922, 0.199021, 0.200039, 0.200698, 0.201046, 0.201030, 0.200774, 0.200330, 0.200229, 0.201081, 0.201928, 0.201105, 0.199012, 0.197641, 0.197396, 0.197329, 0.197210, 0.197236, 0.197185, 0.197039, 0.196815, 0.196180, 0.195703, 0.195824, 0.195385, 0.193813, 0.192464, 0.191884, 0.191237, 0.190767, 0.190904, 0.191287, 0.191865, 0.192827, 0.193675, 0.194149, 0.194855, 0.195654, 0.195949, 0.196071, 0.196321, 0.196439, 0.196702, 0.197471, 0.198215, 0.199072, 0.200893, 0.203108, 0.204621, 0.205553, 0.206533, 0.207399, 0.207923, 0.208319, 0.208489, 0.208569, 0.208591, 0.208037, 0.207323, 0.207825, 0.209756, 0.211463, 0.211839, 0.211338, 0.210577, 0.209805, 0.209153, 0.208704, 0.208486, 0.208166, 0.207028, 0.205029, 0.203529, 0.203864, 0.205675, 0.207378, 0.207794, 0.206849, 0.205166, 0.203450, 0.202347, 0.202318, 0.203335, 0.204569, 0.204807, 0.203813, 0.202862, 0.203529, 0.205917, 0.208703, 0.210575, 